#Epch  SVN  Week   Week-Sec          X[km]         Y[km]          Z[km]           T[Ms]
#====  ===  ====  =========  =============  =============  =============  =============
    1  G12  2205  432000.00   -9312.809777  -24894.455927    1321.837020    -200.447034
    2  G12  2205  432900.00   -9110.840778  -24987.259566   -1543.880181    -200.452321
    3  G12  2205  433800.00   -8785.965441  -24795.494810   -4383.291536    -200.457679
    4  G12  2205  434700.00   -8306.837202  -24341.137597   -7148.198428    -200.462962
    5  G12  2205  435600.00   -7647.347200  -23653.157005   -9791.938203    -200.468565
    6  G12  2205  436500.00   -6787.772019  -22766.333106  -12270.124003    -200.473665
    7  G12  2205  437400.00   -5715.675310  -21719.882228  -14541.333192    -200.478972
    8  G12  2205  438300.00   -4426.533635  -20555.942252  -16567.737598    -200.483954
    9  G12  2205  439200.00   -2924.067007  -19317.974062  -18315.670159    -200.489229
   10  G12  2205  440100.00   -1220.265006  -18049.136863  -19756.123716    -200.494503
   11  G12  2205  441000.00     664.890342  -16790.694871  -20865.178580    -200.500047
   12  G12  2205  441900.00    2703.993813  -15580.510981  -21624.356101    -200.505128
   13  G12  2205  442800.00    4863.057798  -14451.679567  -22020.895924    -200.510403
   14  G12  2205  443700.00    7102.595448  -13431.345692  -22047.954780    -200.515802
   15  G12  2205  444600.00    9378.909116  -12539.751851  -21704.724821    -200.521260
   16  G12  2205  445500.00   11645.540300  -11789.546046  -20996.469508    -200.526465
   17  G12  2205  446400.00   13854.831661  -11185.376647  -19934.475163    -200.531392
   18  G12  2205  447300.00   15959.547483  -10723.790300  -18535.916403    -200.536827
   19  G12  2205  448200.00   17914.496066  -10393.439216  -16823.634043    -200.541933
   20  G12  2205  449100.00   19678.096424  -10175.593758  -14825.824553    -200.547044
   21  G12  2205  450000.00   21213.832182  -10044.945555  -12575.641020    -200.552306
   22  G12  2205  450900.00   22491.538067   -9970.675673  -10110.706741    -200.557673
   23  G12  2205  451800.00   23488.468773   -9917.752073   -7472.544048    -200.562918
   24  G12  2205  452700.00   24190.106461   -9848.410976   -4705.922885    -200.568330
   25  G12  2205  453600.00   24590.671527   -9723.768315   -1858.135759    -200.573217
   26  G12  2205  454500.00   24693.311501   -9505.500646    1021.791872    -200.578768
   27  G12  2205  455400.00   24509.954781   -9157.530093    3883.944218    -200.583759
   28  G12  2205  456300.00   24060.828869   -8647.645599    6678.396674    -200.589106
   29  G12  2205  457200.00   23373.656552   -7948.993166    9356.119811    -200.594268
   30  G12  2205  458100.00   22482.557266   -7041.371277   11869.887347    -200.599441
   31  G12  2205  459000.00   21426.694162   -5912.274106   14175.168073    -200.604768
   32  G12  2205  459900.00   20248.719364   -4557.634619   16230.980846    -200.609969
   33  G12  2205  460800.00   18993.079837   -2982.231655   18000.691583    -200.615070
   34  G12  2205  461700.00   17704.253645   -1199.739234   19452.731940    -200.620013
   35  G12  2205  462600.00   16424.990479     767.588054   20561.220885    -200.625229
   36  G12  2205  463500.00   15194.631020    2889.583550   21306.472790    -200.630476
   37  G12  2205  464400.00   14047.576700    5129.164874   21675.378755    -200.635497
   38  G12  2205  465300.00   13011.974897    7443.617238   21661.651557    -200.640587
   39  G12  2205  466200.00   12108.674901    9786.109935   21265.928703    -200.645769
   40  G12  2205  467100.00   11350.497573   12107.381953   20495.732320    -200.650981
   41  G12  2205  468000.00   10741.847297   14357.525598   19365.288822    -200.656444
   42  G12  2205  468900.00   10278.679268   16487.793445   17895.215268    -200.661490
   43  G12  2205  469800.00    9948.819371   18452.353976   16112.082873    -200.666882
   44  G12  2205  470700.00    9732.618590   20209.924796   14047.871077    -200.671978
   45  G12  2205  471600.00    9603.909915   21725.218988   11739.327878    -200.677262
   46  G12  2205  472500.00    9531.223628   22970.149528    9227.253660    -200.682397
   47  G12  2205  473400.00    9479.207235   23924.748120    6555.726562    -200.687480
   48  G12  2205  474300.00    9410.189405   24577.767592    3771.287554    -200.692861
   49  G12  2205  475200.00    9285.823233   24926.950575     922.102848    -200.698128
   50  G12  2205  476100.00    9068.742959   24978.960745   -1942.879728    -200.703223
   51  G12  2205  477000.00    8724.169796   24748.986001   -4774.765194    -200.708080
   52  G12  2205  477900.00    8221.406376   24260.034962   -7525.523202    -200.713782
   53  G12  2205  478800.00    7535.165311   23541.958838  -10148.765426    -200.719052
   54  G12  2205  479700.00    6646.684973   22630.239650  -12600.478666    -200.724195
   55  G12  2205  480600.00    5544.594460   21564.592868  -14839.705511    -200.729246
   56  G12  2205  481500.00    4225.499470   20387.437701  -16829.165987    -200.734608
   57  G12  2205  482400.00    2694.270985   19142.291489  -18535.814966    -200.739871
   58  G12  2205  483300.00     964.029103   17872.145974  -19931.331208    -200.745222
   59  G12  2205  484200.00    -944.175429   16617.882792  -20992.534760    -200.750700
   60  G12  2205  485100.00   -3001.969499   15416.783403  -21701.730028    -200.755703
   61  G12  2205  486000.00   -5174.533940   14301.185007  -22046.972221    -200.761169
   62  G12  2205  486900.00   -7421.717490   13297.328971  -22022.255048    -200.766427
   63  G12  2205  487800.00   -9699.350377   12424.441917  -21627.617684    -200.771558
   64  G12  2205  488700.00  -11960.712857   11694.082188  -20869.169013    -200.777004
   65  G12  2205  489600.00  -14158.108647   11109.775922  -19759.027270    -200.782215
   66  G12  2205  490500.00  -16244.489099   10666.957664  -18315.173354    -200.787132
   67  G12  2205  491400.00  -18175.071367   10353.220422  -16561.216418    -200.792673
   68  G12  2205  492300.00  -19908.892897   10148.869633  -14526.070967    -200.798002
   69  G12  2205  493200.00  -21410.245359   10027.764756  -12243.545518    -200.803270
   70  G12  2205  494100.00  -22649.933906    9958.421597   -9751.844153    -200.808204
   71  G12  2205  495000.00  -23606.312301    9905.338176   -7092.983815    -200.813882
   72  G12  2205  495900.00  -24266.051234    9830.497529   -4312.132124    -200.818923
   73  G12  2205  496800.00  -24624.605743    9694.992559   -1456.872692    -200.824166
   74  G12  2205  497700.00  -24686.358180    9460.711519    1423.592665    -200.829381
   75  G12  2205  498600.00  -24464.425138    9092.018214    4279.292910    -200.834560
   76  G12  2205  499500.00  -23980.129911    8557.359079    7060.373489    -200.839730
   77  G12  2205  500400.00  -23262.155826    7830.730124    9718.002042    -200.845020
   78  G12  2205  501300.00  -22345.409608    6892.940646   12205.275353    -200.849918
   79  G12  2205  502200.00  -21269.637043    5732.617456   14478.107385    -200.855125
   80  G12  2205  503100.00  -20077.844939    4346.903252   16496.077410    -200.860396
   81  G12  2205  504000.00  -18814.593014    2741.815061   18223.217251    -200.865553
   82  G12  2205  504900.00  -17524.226237     932.243124   19628.717468    -200.870852
   83  G12  2205  505800.00  -16249.121838   -1058.413739   20687.534010    -200.876029
   84  G12  2205  506700.00  -15028.025322   -3198.963963   21380.879329    -200.880773
   85  G12  2205  507600.00  -13894.546369   -5451.462123   21696.585172    -200.886080
   86  G12  2205  508500.00  -12875.878483   -7772.528039   21629.327973    -200.891443
   87  G12  2205  509400.00  -11991.796158  -10114.890735   21180.711936    -200.896753
   88  G12  2205  510300.00  -11253.970589  -12429.092022   20359.209094    -200.901704
   89  G12  2205  511200.00  -10665.630436  -14665.277873   19179.959884    -200.906881
   90  G12  2205  512100.00  -10221.578481  -16775.002701   17664.441662    -200.912281
   91  G12  2205  513000.00   -9908.559283  -18712.972187   15840.016066    -200.917386
   92  G12  2205  513900.00   -9705.957720  -20438.654275   13739.368999    -200.922354
   93  G12  2205  514800.00   -9586.794595  -21917.695066   11399.859197    -200.928065
   94  G12  2205  515700.00   -9518.973697  -23123.085992    8862.792768    -200.933117
   95  G12  2205  516600.00   -9466.725455  -24036.040321    6172.641823    -200.938245
   96  G12  2205  517500.00   -9392.185817  -24646.550026    3376.225305    -200.943529
   97  G12  2205  518400.00   -9257.045323  -24953.607562     521.869506    -200.948721
   98  G12  2205  519300.00   -9024.202566  -24965.090865   -2341.434961    -200.953997
   99  G12  2205  520200.00   -8659.358120  -24697.322323   -5164.865582    -200.959163
  100  G12  2205  521100.00   -8132.489086  -24174.325128   -7900.575378    -200.964358
  101  G12  2205  522000.00   -7419.150795  -23426.810079  -10502.464701    -200.969622
  102  G12  2205  522900.00   -6501.559890  -22490.935045  -12926.907461    -200.975049
  103  G12  2205  523800.00   -5369.422089  -21406.885962  -15133.423873    -200.980357
  104  G12  2205  524700.00   -4020.477726  -20217.333174  -17085.293392    -200.985574
  105  G12  2205  525600.00   -2460.748434  -18965.819841  -18750.102764    -200.991094
  106  G12  2205  526500.00    -704.478721  -17695.140254  -20100.225213    -200.996483
  107  G12  2205  527400.00    1226.223595  -16445.765183  -21113.227595    -201.001622
  108  G12  2205  528300.00    3302.034287  -15254.369056  -21772.202893    -201.007077
  109  G12  2205  529200.00    5487.323942  -14152.509905  -22066.025793    -201.012258
  110  G12  2205  530100.00    7741.302006  -13165.507778  -21989.529252    -201.017521
  111  G12  2205  531000.00   10019.354645  -12311.560812  -21543.600052    -201.022782
  112  G12  2205  531900.00   12274.530947  -11601.130569  -20735.191378    -201.028122
  113  G12  2205  532800.00   14459.126730  -11036.619617  -19577.250531    -201.033374
  114  G12  2205  533700.00   16526.311368  -10612.354940  -18088.560079    -201.038684
  115  G12  2205  534600.00   18431.740643  -10314.880675  -16293.491144    -201.043866
  116  G12  2205  535500.00   20135.097950  -10123.553139  -14221.668107    -201.048977
  117  G12  2205  536400.00   21601.507223  -10011.420412  -11907.544991    -201.054124
  118  G12  2205  537300.00   22802.764001   -9946.358090   -9389.895021    -201.059259
  119  G12  2205  538200.00   23718.335985   -9892.422682   -6711.216467    -201.064524
  120  G12  2205  539100.00   24336.091474   -9811.374789   -3917.059856    -201.069882
  121  G12  2205  540000.00   24652.722967   -9664.316178   -1055.283853    -201.074933
  122  G12  2205  540900.00   24673.843952   -9413.378559    1824.750444    -201.080251
  123  G12  2205  541800.00   24413.749042   -9023.397739    4673.034514    -201.085412
  124  G12  2205  542700.00   23894.840950   -8463.505238    7439.801943    -201.090683
  125  G12  2205  543600.00   23146.741556   -7708.570744   10076.435435    -201.095772
  126  G12  2205  544500.00   22205.118108   -6740.433029   12536.372337    -201.101054
  127  G12  2205  545400.00   21110.268538   -5548.864337   14775.988340    -201.106235
  128  G12  2205  546300.00   19905.521380   -4132.223384   16755.438348    -201.111503
  129  G12  2205  547200.00   18635.515049   -2497.764818   18439.433579    -201.116357
  130  G12  2205  548100.00   17344.427705    -661.587609   19797.934931    -201.121664
  131  G12  2205  549000.00   16074.232159    1351.779348   20806.744411    -201.126770
  132  G12  2205  549900.00   14863.049906    3510.139862   21447.979058    -201.131842
  133  G12  2205  550800.00   13743.674371    5774.711027   21710.415041    -201.137365
  134  G12  2205  551700.00   12742.326036    8101.477065   21589.693425    -201.142239
  135  G12  2205  552600.00   11877.691579   10442.759496   21088.383273    -201.147705
  136  G12  2205  553500.00   11160.286138   12748.937308   20215.901967    -201.152768
  137  G12  2205  554400.00   10592.163087   14970.244647   18988.296852    -201.157782
  138  G12  2205  555300.00   10166.979969   17058.571003   17427.896133    -201.163134
  139  G12  2205  556200.00    9870.413529   18969.189866   15562.840378    -201.168417
  140  G12  2205  557100.00    9680.901744   20662.346313   13426.508740    -201.173483
  141  G12  2205  558000.00    9570.677250   22104.641410   11056.856105    -201.178592
  142  G12  2205  558900.00    9507.045116   23270.161342    8495.678715    -201.184093
  143  G12  2205  559800.00    9453.849047   24141.311057    5787.826404    -201.189171
  144  G12  2205  560700.00    9373.063931   24709.325301    2980.379542    -201.194679
  145  G12  2205  561600.00    9226.449466   24974.443524     121.808083    -201.199611
  146  G12  2205  562500.00    8977.199141   24945.748670   -2738.871006    -201.204905
  147  G12  2205  563400.00    8591.521062   24640.682661   -5552.923190    -201.210326
  148  G12  2205  564300.00    8040.091619   24084.263099   -8272.699655    -201.215572
  149  G12  2205  565200.00    7299.329433   23308.035880  -10852.403230    -201.220956
  150  G12  2205  566100.00    6352.445057   22348.806862  -13248.807571    -201.225883
  151  G12  2205  567000.00    5190.231025   21247.202289  -15421.921903    -201.231560
  152  G12  2205  567900.00    3811.566759   20046.112286  -17335.595160    -201.236483
  153  G12  2205  568800.00    2223.623141   18789.074409  -18958.054632    -201.241856
  154  G12  2205  569700.00     441.761921   17518.655108  -20262.375274    -201.247393
  155  G12  2205  570600.00   -1510.864674   16274.885972  -21226.876579    -201.252505
  156  G12  2205  571500.00   -3603.999023   15093.809129  -21835.444480    -201.257787
  157  G12  2205  572400.00   -5801.223629   14006.182079  -22077.776027    -201.262792
  158  G12  2205  573300.00   -8061.134505   13036.386832  -21949.544781    -201.268315
  159  G12  2205  574200.00  -10338.702428   12201.581557  -21452.484923    -201.273615
  160  G12  2205  575100.00  -12586.775814   11511.125210  -20594.392118    -201.278864
  161  G12  2205  576000.00  -14757.673835   10966.296867  -19389.039263    -201.284209
  162  G12  2205  576900.00  -16804.814788   10560.321990  -17856.005469    -201.289290
  163  G12  2205  577800.00  -18684.322512   10278.707679  -16020.417026    -201.294603
  164  G12  2205  578700.00  -20356.553209   10099.878422  -13912.599759    -201.300100
  165  G12  2205  579600.00  -21787.486356    9996.093091  -11567.643178    -201.305168
  166  G12  2205  580500.00  -22949.926662    9934.613383   -9024.878123    -201.310284
  167  G12  2205  581400.00  -23824.469294    9879.083812   -6327.271266    -201.315795
  168  G12  2205  582300.00  -24400.187846    9791.074203   -3520.741855    -201.320829
  169  G12  2205  583200.00  -24675.013744    9631.727786    -653.408328    -201.326026
  170  G12  2205  584100.00  -24655.786684    9363.452011    2225.225098    -201.331354
  171  G12  2205  585000.00  -24357.968082    8951.585352    5065.129221    -201.336621
  172  G12  2205  585900.00  -23805.022890    8365.972198    7816.642918    -201.341453
  173  G12  2205  586800.00  -23027.488984    7582.379597   10431.381126    -201.346837
  174  G12  2205  587700.00  -22061.767026    6583.694352   12863.138562    -201.352071
  175  G12  2205  588600.00  -20948.676479    5360.846676   15068.768702    -201.357302
  176  G12  2205  589500.00  -19731.834713    3913.417213   17009.016968    -201.362558
  177  G12  2205  590400.00  -18455.925014    2249.897175   18649.287295    -201.367873
  178  G12  2205  591300.00  -17164.925405     387.586211   19960.322296    -201.373245
  179  G12  2205  592200.00  -15900.372875   -1647.871457   20918.779156    -201.378061
  180  G12  2205  593100.00  -14699.736760   -3823.295861   21507.686109    -201.383679
  181  G12  2205  594000.00  -13594.970556   -6099.092694   21716.767670    -201.388962
  182  G12  2205  594900.00  -12611.303520   -8430.640765   21542.630699    -201.394052
  183  G12  2205  595800.00  -11766.322515  -10769.887108   20988.807521    -201.399238
  184  G12  2205  596700.00  -11069.381299  -13067.082339   20065.656603    -201.404314
  185  G12  2205  597600.00  -10521.359444  -15272.583226   18790.125426    -201.409636
  186  G12  2205  598500.00  -10114.777403  -17338.647357   17185.383992    -201.414602
  187  G12  2205  599400.00   -9834.258476  -19221.146330   15280.340743    -201.419893
  188  G12  2205  600300.00   -9657.313628  -20881.128729   13109.055334    -201.425110
  189  G12  2205  601200.00   -9555.411823  -22286.172075   10710.064710    -201.430170
  190  G12  2205  602100.00   -9495.287445  -23411.473161    8125.640144    -201.435525
  191  G12  2205  603000.00   -9440.427848  -24240.638339    5400.993441    -201.440658
  192  G12  2205  603900.00   -9352.678353  -24766.148492    2583.450304    -201.446150

