#Epch  SVN  Week   Week-Sec          X[km]         Y[km]          Z[km]           T[Ms]
#====  ===  ====  =========  =============  =============  =============  =============
    1  R09  2205  432000.00    -641.438643  -14232.377713  -21126.249873      49.817671
    2  R09  2205  432900.00    1434.776209  -12549.519360  -22135.347054      49.819450
    3  R09  2205  433800.00    3704.165566  -10961.584966  -22713.445325      49.821085
    4  R09  2205  434700.00    6116.767933   -9514.940494  -22849.556064      49.823055
    5  R09  2205  435600.00    8615.018537   -8246.708859  -22541.311264      49.824784
    6  R09  2205  436500.00   11135.936787   -7183.352601  -21794.988022      49.826833
    7  R09  2205  437400.00   13613.546362   -6339.724327  -20625.364630      49.828432
    8  R09  2205  438300.00   15981.426989   -5718.622119  -19055.412659      49.830364
    9  R09  2205  439200.00   18175.291995   -5310.865748  -17115.832456      49.831943
   10  R09  2205  440100.00   20135.485158   -5095.887667  -14844.442259      49.833660
   11  R09  2205  441000.00   21809.294182   -5042.811379  -12285.433649      49.835194
   12  R09  2205  441900.00   23152.986106   -5111.969717   -9488.508335      49.837087
   13  R09  2205  442800.00   24133.481753   -5256.797532   -6507.913263      49.838676
   14  R09  2205  443700.00   24729.601461   -5426.018123   -3401.392646      49.840060
   15  R09  2205  444600.00   24932.832104   -5566.030930    -229.076893      49.841582
   16  R09  2205  445500.00   24747.585196   -5623.399996    2947.670693      49.843152
   17  R09  2205  446400.00   24190.936723   -5547.338890    6067.427944      49.845055
   18  R09  2205  447300.00   23291.860571   -5292.088146    9069.886922      49.846623
   19  R09  2205  448200.00   22089.987997   -4819.085901   11897.004568      49.848576
   20  R09  2205  449100.00   20633.944852   -4098.840987   14494.109941      49.850018
   21  R09  2205  450000.00   18979.335363   -3112.430010   16810.947963      49.851930
   22  R09  2205  450900.00   17186.455526   -1852.555253   18802.640740      49.853567
   23  R09  2205  451800.00   15317.830136    -324.118173   20430.549008      49.855777
   24  R09  2205  452700.00   13435.674608    1455.717112   21663.017904      49.857498
   25  R09  2205  453600.00   11599.385859    3457.975157   22475.993177      49.858869
   26  R09  2205  454500.00    9863.165504    5642.819216   22853.496008      49.860395
   27  R09  2205  455400.00    8273.873423    7960.963331   22787.946887      49.862171
   28  R09  2205  456300.00    6869.200651   10355.490765   22280.331379      49.864562
   29  R09  2205  457200.00    5676.237750   12764.005994   21340.203254      49.866710
   30  R09  2205  458100.00    4710.498885   15121.033190   19985.523172      49.868303
   31  R09  2205  459000.00    3975.443211   17360.563223   18242.334086      49.869971
   32  R09  2205  459900.00    3462.514694   19418.644200   16144.277597      49.871602
   33  R09  2205  460800.00    3151.699797   21235.907788   13731.958664      49.873222
   34  R09  2205  461700.00    3012.580589   22759.925335   11052.169364      49.874877
   35  R09  2205  462600.00    3005.839523   23947.294071    8156.985572      49.876573
   36  R09  2205  463500.00    3085.152540   24765.364346    5102.753524      49.878493
   37  R09  2205  464400.00    3199.389946   25193.533585    1948.986058      49.880511
   38  R09  2205  465300.00    3295.030778   25224.050765   -1242.809241      49.882448
   39  R09  2205  466200.00    3318.686588   24862.296071   -4410.345831      49.884353
   40  R09  2205  467100.00    3219.625409   24126.522990   -7491.792424      49.886071
   41  R09  2205  468000.00    2952.186358   23047.073391  -10426.999494      49.888335
   42  R09  2205  468900.00    2477.979901   21665.099034  -13158.692000      49.889943
   43  R09  2205  469800.00    1767.778132   20030.844410  -15633.603085      49.892311
   44  R09  2205  470700.00     803.013001   18201.564717  -17803.524959      49.894190
   45  R09  2205  471600.00    -423.182399   16239.168360  -19626.255331      49.896082
   46  R09  2205  472500.00   -1905.434407   14207.684861  -21066.420341      49.897889
   47  R09  2205  473400.00   -3626.114306   12170.666037  -22096.157959      49.900077
   48  R09  2205  474300.00   -5555.849268   10188.630486  -22695.649165      49.901781
   49  R09  2205  475200.00   -7654.536741    8316.658842  -22853.487589      49.903643
   50  R09  2205  476100.00   -9872.819028    6602.240050  -22566.881888      49.905762
   51  R09  2205  477000.00  -12153.955580    5083.457595  -21841.688522      49.907516
   52  R09  2205  477900.00  -14436.014109    3787.589618  -20692.276005      49.909301
   53  R09  2205  478800.00  -16654.288693    2730.178976  -19141.224885      49.910819
   54  R09  2205  479700.00  -18743.844007    1914.609270  -17218.870719      49.912801
   55  R09  2205  480600.00  -20642.080028    1332.201567  -14962.700110      49.914696
   56  R09  2205  481500.00  -22291.211185     962.824786  -12416.612401      49.916658
   57  R09  2205  482400.00  -23640.557819     775.991511   -9630.061914      49.918906
   58  R09  2205  483300.00  -24648.555962     732.391011   -6657.097612      49.921021
   59  R09  2205  484200.00  -25284.403302     785.793428   -3555.318733      49.922394
   60  R09  2205  485100.00  -25529.274393     885.244057    -384.766284      49.923991
   61  R09  2205  486000.00  -25377.055994     977.454979    2793.228733      49.925773
   62  R09  2205  486900.00  -24834.573202    1009.293480    5917.218894      49.927586
   63  R09  2205  487800.00  -23921.297875     930.262988    8926.814038      49.929759
   64  R09  2205  488700.00  -22668.552003     694.872781   11763.833539      49.931668
   65  R09  2205  489600.00  -21118.239207     264.797449   14373.416157      49.933587
   66  R09  2205  490500.00  -19321.156694    -389.264206   16705.067337      49.934779
   67  R09  2205  491400.00  -17334.956972   -1286.108858   18713.624967      49.936488
   68  R09  2205  492300.00  -15221.842811   -2432.989493   20360.126069      49.938119
   69  R09  2205  493200.00  -13046.089750   -3825.062062   21612.558555      49.939720
   70  R09  2205  494100.00  -10871.497519   -5445.342859   22446.484052      49.941241
   71  R09  2205  495000.00   -8758.874790   -7265.180757   22845.519894      49.942687
   72  R09  2205  495900.00   -6763.660524   -9245.227346   22801.670577      49.944279
   73  R09  2205  496800.00   -4933.779953  -11336.867524   22315.501425      49.945745
   74  R09  2205  497700.00   -3307.823993  -13484.053887   21396.149763      49.947206
   75  R09  2205  498600.00   -1913.627984  -15625.471156   20061.171675      49.949389
   76  R09  2205  499500.00    -767.309545  -17696.942619   18336.225343      49.951036
   77  R09  2205  500400.00     127.193453  -19633.979662   16254.595031      49.953104
   78  R09  2205  501300.00     778.064454  -21374.368632   13856.562980      49.955044
   79  R09  2205  502200.00    1205.030889  -22860.686679   11188.639735      49.956851
   80  R09  2205  503100.00    1438.291500  -24042.640331    8302.666631      49.959223
   81  R09  2205  504000.00    1516.993292  -24879.127169    5254.807249      49.960665
   82  R09  2205  504900.00    1487.322663  -25339.932080    2104.447519      49.962647
   83  R09  2205  505800.00    1400.292381  -25406.984710   -1086.973418      49.963892
   84  R09  2205  506700.00    1309.319627  -25075.123258   -4257.177497      49.965608
   85  R09  2205  507600.00    1267.699807  -24352.330915   -7344.281705      49.967561
   86  R09  2205  508500.00    1326.085648  -23259.434071  -10288.025616      49.969636
   87  R09  2205  509400.00    1530.081061  -21829.274738  -13030.966387      49.971576
   88  R09  2205  510300.00    1918.054221  -20105.392511  -15519.615897      49.973815
   89  R09  2205  511200.00    2519.264713  -18140.272575  -17705.496179      49.976069
   90  R09  2205  512100.00    3352.385695  -15993.234887  -19546.091367      49.977599
   91  R09  2205  513000.00    4424.484701  -13728.054823  -21005.676998      49.979636
   92  R09  2205  513900.00    5730.506624  -11410.416630  -22056.010507      49.981088
   93  R09  2205  514800.00    7253.280650   -9105.307581  -22676.870030      49.983067
   94  R09  2205  515700.00    8964.050392   -6874.462507  -22856.432088      49.984805
   95  R09  2205  516600.00   10823.504188   -4773.965476  -22591.482205      49.986773
   96  R09  2205  517500.00   12783.261477   -2852.107964  -21887.455994      49.988453
   97  R09  2205  518400.00   14787.752156   -1147.591316  -20758.311557      49.980070
   98  R09  2205  519300.00   16776.409653     311.853484  -19226.237492      49.981977
   99  R09  2205  520200.00   18686.085711    1510.374423  -17321.203179      49.983660
  100  R09  2205  521100.00   20453.586061    2444.399780  -15080.361841      49.985683
  101  R09  2205  522000.00   22018.221563    3122.519088  -12547.318443      49.988098
  102  R09  2205  522900.00   23324.269131    3564.851465   -9771.277395      49.989732
  103  R09  2205  523800.00   24323.240875    3801.930462   -6806.086788      49.991426
  104  R09  2205  524700.00   24975.868096    3873.154333   -3709.197689      49.992887
  105  R09  2205  525600.00   25253.718751    3824.868337    -540.558292      49.994482
  106  R09  2205  526500.00   25140.382273    3708.160573    2638.536220      49.996106
  107  R09  2205  527400.00   24632.173480    3576.464323    5766.616668      49.998405
  108  R09  2205  528300.00   23738.327082    3483.067587    8783.214032      50.000131
  109  R09  2205  529200.00   22480.675128    3478.634045   11630.013248      50.001637
  110  R09  2205  530100.00   20892.820776    3608.839009   14251.965587      50.003266
  111  R09  2205  531000.00   19018.842281    3912.219109   16598.339455      50.005027
  112  R09  2205  531900.00   16911.580085    4418.325661   18623.690551      50.007470
  113  R09  2205  532800.00   14630.576834    5146.259252   20288.733793      50.009285
  114  R09  2205  533700.00   12239.754193    6103.647604   21561.101028      50.010713
  115  R09  2205  534600.00    9804.921107    7286.110765   22415.970478      50.013145
  116  R09  2205  535500.00    7391.215135    8677.237861   22836.555868      50.015165
  117  R09  2205  536400.00    5060.581454   10249.078769   22814.445453      50.016466
  118  R09  2205  537300.00    2869.392952   11963.132938   22349.783558      50.018246
  119  R09  2205  538200.00     866.309462   13771.796951   21451.289802      50.019689
  120  R09  2205  539100.00    -909.535138   15620.213192   20136.113944      50.021188
  121  R09  2205  540000.00   -2429.942306   17448.444808   18429.527193      50.022906
  122  R09  2205  540900.00   -3678.595316   19193.887935   16364.453895      50.024976
  123  R09  2205  541800.00   -4651.502454   20793.821326   13980.850695      50.027050
  124  R09  2205  542700.00   -5356.917467   22187.986858   11324.943518      50.029210
  125  R09  2205  543600.00   -5814.739816   23321.092093    8448.335944      50.030781
  126  R09  2205  544500.00   -6055.419533   24145.128462    5407.005643      50.032763
  127  R09  2205  545400.00   -6118.412893   24621.405720    2260.208404      50.034952
  128  R09  2205  546300.00   -6050.254764   24722.214844    -930.688220      50.036578
  129  R09  2205  547200.00   -5902.330449   24432.047105   -4103.417627      50.038022
  130  R09  2205  548100.00   -5728.443185   23748.315955   -7196.047849      50.040274
  131  R09  2205  549000.00   -5582.282659   22681.549820  -10148.210046      50.041984
  132  R09  2205  549900.00   -5514.904317   21255.046787  -12902.295731      50.043796
  133  R09  2205  550800.00   -5572.328837   19504.005603  -15404.597319      50.046158
  134  R09  2205  551700.00   -5793.365718   17474.170005  -17606.368093      50.048421
  135  R09  2205  552600.00   -6207.755000   15220.044444  -19464.779679      50.049922
  136  R09  2205  553500.00   -6834.707005   12802.757410  -20943.757750      50.051918
  137  R09  2205  554400.00   -7681.902455   10287.663406  -22014.679617      50.053683
  138  R09  2205  555300.00   -8744.995221    7741.785195  -22656.920690      50.054897
  139  R09  2205  556200.00  -10007.638199    5231.204104  -22858.240179      50.057475
  140  R09  2205  557100.00  -11442.030389    2818.507611  -22614.999952      50.059520
  141  R09  2205  558000.00  -13009.961133     560.400262  -21932.213896      50.061737
  142  R09  2205  558900.00  -14664.306611   -1494.423698  -20823.428518      50.064127
  143  R09  2205  559800.00  -16350.914902   -3307.059178  -19310.438740      50.065287
  144  R09  2205  560700.00  -18010.799959   -4849.748938  -17422.845858      50.067263
  145  R09  2205  561600.00  -19582.552314   -6106.768344  -15197.467463      50.068895
  146  R09  2205  562500.00  -21004.865723   -7074.802401  -12677.611673      50.070254
  147  R09  2205  563400.00  -22219.074510   -7762.802400   -9912.230355      50.071609
  148  R09  2205  564300.00  -23171.596302   -8191.331096   -6954.968029      50.073621
  149  R09  2205  565200.00  -23816.179086   -8391.426322   -3863.124855      50.075026
  150  R09  2205  566100.00  -24115.859833   -8403.032646    -696.553488      50.076847
  151  R09  2205  567000.00  -24044.554030   -8273.068243    2483.489407      50.078525
  152  R09  2205  567900.00  -23588.210789   -8053.208872    5615.515547      50.080914
  153  R09  2205  568800.00  -22745.486083   -7797.482240    8638.979646      50.082716
  154  R09  2205  569700.00  -21527.906428   -7559.773537   11495.434687      50.084309
  155  R09  2205  570600.00  -19959.516149   -7391.346354   14129.646790      50.085546
  156  R09  2205  571500.00  -18076.022346   -7338.482411   16490.649438      50.087097
  157  R09  2205  572400.00  -15923.472108   -7440.338580   18532.717969      50.088767
  158  R09  2205  573300.00  -13556.515436   -7727.110774   20216.246653      50.090639
  159  R09  2205  574200.00  -11036.324205   -8218.581814   21508.512321      50.092227
  160  R09  2205  575100.00   -8428.251456   -8923.114769   22384.310379      50.094017
  161  R09  2205  576000.00   -5799.326054   -9837.135240   22826.451074      50.095537
  162  R09  2205  576900.00   -3215.684642  -10945.126097   22826.106113      50.097123
  163  R09  2205  577800.00    -740.045786  -12220.137244   22382.998107      50.098878
  164  R09  2205  578700.00    1570.670090  -13624.791740   21505.427899      50.100907
  165  R09  2205  579600.00    3667.476806  -15112.748875   20210.137539      50.103449
  166  R09  2205  580500.00    5511.125868  -16630.565525   18522.009614      50.105497
  167  R09  2205  581400.00    7073.501790  -18119.879886   16473.606658      50.106919
  168  R09  2205  582300.00    8338.550354  -19519.827498   14104.557607      50.108756
  169  R09  2205  583200.00    9302.700088  -20769.588829   11460.801455      50.110358
  170  R09  2205  584100.00    9974.758395  -21810.961155    8593.701546      50.112577
  171  R09  2205  585000.00   10375.286061  -22590.845546    5559.047023      50.114292
  172  R09  2205  585900.00   10535.476216  -23063.542545    2415.960846      50.115829
  173  R09  2205  586800.00   10495.585344  -23192.757591    -774.263724      50.118131
  174  R09  2205  587700.00   10302.983585  -22953.229254   -3949.374222      50.120467
  175  R09  2205  588600.00   10009.908306  -22331.909268   -7047.392303      50.122829
  176  R09  2205  589500.00    9671.018129  -21328.642623  -10007.843180      50.124363
  177  R09  2205  590400.00    9340.853357  -19956.317591  -12772.955034      50.126381
  178  R09  2205  591300.00    9071.312890  -18240.478586  -15288.802962      50.128142
  179  R09  2205  592200.00    8909.256799  -16218.418087  -17506.373439      50.129645
  180  R09  2205  593100.00    8894.338046  -13937.786301  -19382.527284      50.131188
  181  R09  2205  594000.00    9057.156503  -11454.777928  -20880.841710      50.132700
  182  R09  2205  594900.00    9417.814076   -8831.973251  -21972.314985      50.134747
  183  R09  2205  595800.00    9984.932101   -6135.925088  -22635.920502      50.136811
  184  R09  2205  596700.00   10755.171967   -3434.593422  -22859.000503      50.138653
  185  R09  2205  597600.00   11713.278246    -794.735252  -22637.493163      50.140059
  186  R09  2205  598500.00   12832.641259    1720.641633  -21975.990248      50.142199
  187  R09  2205  599400.00   14076.354085    4054.655677  -20887.625910      50.144115
  188  R09  2205  600300.00   15398.718284    6158.661906  -19393.800400      50.145747
  189  R09  2205  601200.00   16747.134070    7994.009846  -17523.745539      50.147393
  190  R09  2205  602100.00   18064.294879    9533.378393  -15313.941600      50.148492
  191  R09  2205  603000.00   19290.593947   10761.634973  -12807.397837      50.149638
  192  R09  2205  603900.00   20366.642098   11676.186187  -10052.811233      50.151722

