#Epch  SVN  Week   Week-Sec          X[km]         Y[km]          Z[km]           T[Ms]
#====  ===  ====  =========  =============  =============  =============  =============
    1  R24  2205  432000.00  -12400.407810   12851.245440  -18203.170022      89.102625
    2  R24  2205  432900.00  -14359.827597   13659.454758  -16049.135116      89.104464
    3  R24  2205  433800.00  -15993.406917   14496.728553  -13583.148020      89.105147
    4  R24  2205  434700.00  -17276.357752   15305.953884  -10853.177645      89.106698
    5  R24  2205  435600.00  -18196.856338   16028.045471   -7912.312087      89.107514
    6  R24  2205  436500.00  -18756.307321   16604.562663   -4817.722509      89.107122
    7  R24  2205  437400.00  -18969.063298   16980.314409   -1629.548058      89.108550
    8  R24  2205  438300.00  -18861.613016   17105.841891    1590.276072      89.110365
    9  R24  2205  439200.00  -18471.273800   16939.673640    4779.224187      89.111747
   10  R24  2205  440100.00  -17844.444662   16450.257660    7875.395386      89.112501
   11  R24  2205  441000.00  -17034.494823   15617.488818   10818.714629      89.113548
   12  R24  2205  441900.00  -16099.377580   14433.766900   13552.096127      89.115554
   13  R24  2205  442800.00  -15099.070654   12904.540577   16022.546505      89.116239
   14  R24  2205  443700.00  -14092.951101   11048.314097   18182.186680      89.117617
   15  R24  2205  444600.00  -13137.215235    8896.115976   19989.173183      89.119769
   16  R24  2205  445500.00  -12282.451696    6490.451316   21408.501848      89.121907
   17  R24  2205  446400.00  -11571.469097    3883.780669   22412.679153      89.123501
   18  R24  2205  447300.00  -11037.468752    1136.587842   22982.249092      89.126127
   19  R24  2205  448200.00  -10702.638455   -1684.884188   23106.166162      89.128141
   20  R24  2205  449100.00  -10577.225673   -4511.136525   22782.007804      89.129389
   21  R24  2205  450000.00  -10659.128610   -7272.054289   22016.022481      89.131188
   22  R24  2205  450900.00  -10934.022120   -9899.575137   20823.012405      89.133361
   23  R24  2205  451800.00  -11376.013303  -12330.277004   19226.052812      89.134995
   24  R24  2205  452700.00  -11948.799633  -14507.778831   17256.052542      89.137234
   25  R24  2205  453600.00  -12607.281514  -16384.855506   14951.163537      89.137973
   26  R24  2205  454500.00  -13299.562083  -17925.179771   12356.049712      89.140015
   27  R24  2205  455400.00  -13969.250673  -19104.618980    9521.028375      89.141720
   28  R24  2205  456300.00  -14557.973303  -19912.032877    6501.100008      89.143548
   29  R24  2205  457200.00  -15007.984476  -20349.539149    3354.884581      89.145546
   30  R24  2205  458100.00  -15264.769867  -20432.235711     143.484757      89.146882
   31  R24  2205  459000.00  -15279.529464  -20187.391429   -3070.701963      89.148681
   32  R24  2205  459900.00  -15011.435349  -19653.139431   -6225.198775      89.150941
   33  R24  2205  460800.00  -14429.567651  -18876.728378   -9258.668626      89.152554
   34  R24  2205  461700.00  -13514.445552  -17912.405739  -12112.112422      89.155313
   35  R24  2205  462600.00  -12259.087167  -16819.022629  -14730.022289      89.157208
   36  R24  2205  463500.00  -10669.552083  -15657.461886  -17061.466794      89.160023
   37  R24  2205  464400.00   -8764.942410  -14487.998627  -19061.086487      89.161434
   38  R24  2205  465300.00   -6576.860815  -13367.704886  -20689.979970      89.163513
   39  R24  2205  466200.00   -4148.347073  -12348.008178  -21916.463080      89.165200
   40  R24  2205  467100.00   -1532.336635  -11472.507121  -22716.686400      89.166952
   41  R24  2205  468000.00    1210.295261  -10775.136133  -23075.099241      89.169234
   42  R24  2205  468900.00    4013.023013  -10278.756362  -22984.751258      89.171015
   43  R24  2205  469800.00    6806.198805   -9994.231856  -22447.426074      89.172878
   44  R24  2205  470700.00    9519.714690   -9920.029423  -21473.604525      89.174712
   45  R24  2205  471600.00   12085.688275  -10042.358498  -20082.258362      89.176147
   46  R24  2205  472500.00   14441.060662  -10335.844553  -18300.478506      89.177659
   47  R24  2205  473400.00   16529.998964  -10764.707045  -16162.945112      89.178861
   48  R24  2205  474300.00   18306.003862  -11284.391627  -13711.249763      89.180356
   49  R24  2205  475200.00   19733.634978  -11843.587149  -10993.083007      89.182377
   50  R24  2205  476100.00   20789.782850  -12386.541684   -8061.303179      89.183403
   51  R24  2205  477000.00   21464.435299  -12855.579171   -4972.904808      89.184590
   52  R24  2205  477900.00   21760.907241  -13193.709769   -1787.907019      89.186727
   53  R24  2205  478800.00   21695.525548  -13347.223074    1431.816064      89.187720
   54  R24  2205  479700.00   21296.783523  -13268.154124    4623.739705      89.189170
   55  R24  2205  480600.00   20604.001807  -12916.517593    7725.903897      89.190007
   56  R24  2205  481500.00   19665.553224  -12262.215483   10678.115709      89.191349
   57  R24  2205  482400.00   18536.727245  -11286.537503   13423.115114      89.193024
   58  R24  2205  483300.00   17277.324626   -9983.190624   15907.681714      89.194499
   59  R24  2205  484200.00   15949.083761   -8358.814107   18083.661195      89.196571
   60  R24  2205  485100.00   14613.046980   -6432.957919   19908.892141      89.197300
   61  R24  2205  486000.00   13326.977081   -4237.524778   21348.015989      89.199371
   62  R24  2205  486900.00   12142.931950   -1815.698344   22373.155274      89.200770
   63  R24  2205  487800.00   11105.098141     779.598758   22964.447927      89.202165
   64  R24  2205  488700.00   10247.973318    3487.654098   23110.428029      89.203376
   65  R24  2205  489600.00    9594.972755    6242.242067   22808.246269      89.205171
   66  R24  2205  490500.00    9157.517470    8974.134881   22063.726122      89.207160
   67  R24  2205  491400.00    8934.641579   11613.745168   20891.254639      89.209120
   68  R24  2205  492300.00    8913.134953   14093.791841   19313.509620      89.211668
   69  R24  2205  493200.00    9068.215096   16351.879785   17361.027771      89.213070
   70  R24  2205  494100.00    9364.700164   18332.887158   15071.621354      89.214159
   71  R24  2205  495000.00    9758.634091   19991.061700   12489.653626      89.215251
   72  R24  2205  495900.00   10199.295783   21291.739160    9665.186132      89.216805
   73  R24  2205  496800.00   10631.507982   22212.612326    6653.013529      89.218612
   74  R24  2205  497700.00   10998.148535   22744.497576    3511.604018      89.220974
   75  R24  2205  498600.00   11242.757886   22891.566763     301.965642      89.222898
   76  R24  2205  499500.00   11312.132163   22671.034532   -2913.539593      89.223499
   77  R24  2205  500400.00   11158.791492   22112.314090   -6072.410427      89.224092
   78  R24  2205  501300.00   10743.218104   21255.676990   -9113.225771      89.225513
   79  R24  2205  502200.00   10035.768442   20150.473602  -11976.844495      89.226237
   80  R24  2205  503100.00    9018.176921   18852.989167  -14607.561434      89.227981
   81  R24  2205  504000.00    7684.586342   17424.026261  -16954.196463      89.228967
   82  R24  2205  504900.00    6042.060105   15926.316167  -18971.094932      89.231036
   83  R24  2205  505800.00    4110.553087   14421.868318  -20619.019524      89.233128
   84  R24  2205  506700.00    1922.341069   12969.369766  -21865.916027      89.234770
   85  R24  2205  507600.00    -479.068601   11621.744252  -22687.538078      89.235389
   86  R24  2205  508500.00   -3040.500568   10423.973492  -23067.918860      89.236262
   87  R24  2205  509400.00   -5701.084824    9411.272012  -22999.680796      89.238487
   88  R24  2205  510300.00   -8394.558212    8607.691800  -22484.177457      89.240024
   89  R24  2205  511200.00  -11051.798768    8025.214772  -21531.465127      89.242341
   90  R24  2205  512100.00  -13603.487778    7663.370421  -20160.104763      89.244042
   91  R24  2205  513000.00  -15982.789101    7509.393852  -18396.798256      89.245627
   92  R24  2205  513900.00  -18127.934517    7538.916604  -16275.866117      89.247624
   93  R24  2205  514800.00  -19984.607733    7717.160210  -13838.576754      89.248933
   94  R24  2205  515700.00  -21508.028046    8000.581222  -11132.340399      89.250756
   95  R24  2205  516600.00  -22664.647177    8338.897384   -8209.783481      89.253454
   96  R24  2205  517500.00  -23433.389008    8677.408505   -5127.721625      89.254484
   97  R24  2205  518400.00  -23806.381066    8959.513233   -1946.051610      89.244762
   98  R24  2205  519300.00  -23789.148433    9129.314240    1273.416026      89.246665
   99  R24  2205  520200.00  -23400.262009    9134.201893    4468.159939      89.248885
  100  R24  2205  521100.00  -22670.458336    8927.305477    7576.163550      89.251257
  101  R24  2205  522000.00  -21641.268002    8469.708792   10537.118597      89.252271
  102  R24  2205  522900.00  -20363.211638    7732.335847   13293.593374      89.253323
  103  R24  2205  523800.00  -18893.639953    6697.426804   15792.142969      89.255322
  104  R24  2205  524700.00  -17294.309010    5359.541671   17984.340233      89.256485
  105  R24  2205  525600.00  -15628.792606    3726.049071   19827.708020      89.258979
  106  R24  2205  526500.00  -13959.840068    1817.078997   21286.535337      89.260196
  107  R24  2205  527400.00  -12346.789624    -335.059250   22332.562460      89.261105
  108  R24  2205  528300.00  -10843.144803   -2686.970599   22945.522596      89.262530
  109  R24  2205  529200.00   -9494.414261   -5185.734804   23113.530413      89.263186
  110  R24  2205  530100.00   -8336.304268   -7770.870462   22833.310490      89.264602
  111  R24  2205  531000.00   -7393.338346  -10376.622223   22110.261598      89.265391
  112  R24  2205  531900.00   -6677.960840  -12934.477625   20958.355561      89.266783
  113  R24  2205  532800.00   -6190.161173  -15375.810404   19399.872310      89.268854
  114  R24  2205  533700.00   -5917.633974  -17634.541705   17464.975630      89.271234
  115  R24  2205  534600.00   -5836.468102  -19649.709567   15191.136953      89.274359
  116  R24  2205  535500.00   -5912.335533  -21367.840470   12622.417388      89.277242
  117  R24  2205  536400.00   -6102.130156  -22745.024546    9808.620897      89.279425
  118  R24  2205  537300.00   -6355.987551  -23748.607958    6804.334208      89.280979
  119  R24  2205  538200.00   -6619.600583  -24358.431581    3667.871399      89.282915
  120  R24  2205  539100.00   -6836.732875  -24567.563813     460.143315      89.284017
  121  R24  2205  540000.00   -6951.823565  -24382.496419   -2756.526295      89.285567
  122  R24  2205  540900.00   -6912.572517  -23822.794778   -5919.614643      89.287415
  123  R24  2205  541800.00   -6672.395707  -22920.216956   -8967.619674      89.288782
  124  R24  2205  542700.00   -6192.645775  -21717.338726  -11841.261380      89.289793
  125  R24  2205  543600.00   -5444.502500  -20265.741996  -14484.640502      89.290832
  126  R24  2205  544500.00   -4410.451816  -18623.843159  -16846.331376      89.292663
  127  R24  2205  545400.00   -3085.289506  -16854.453245  -18880.387147      89.294791
  128  R24  2205  546300.00   -1476.605783  -15022.172498  -20547.237338      89.297208
  129  R24  2205  547200.00     395.271079  -13190.729180  -21814.460097      89.298790
  130  R24  2205  548100.00    2497.870971  -11420.374494  -22657.414098      89.300203
  131  R24  2205  549000.00    4787.694234   -9765.442920  -23059.717919      89.302091
  132  R24  2205  549900.00    7211.794444   -8272.180051  -23013.567789      89.302596
  133  R24  2205  550800.00    9709.766395   -6976.928533  -22519.887777      89.304651
  134  R24  2205  551700.00   12216.056972   -5904.747475  -21588.309707      89.306196
  135  R24  2205  552600.00   14662.503041   -5068.522337  -20236.983371      89.307557
  136  R24  2205  553500.00   16980.990936   -4468.601579  -18492.220799      89.308562
  137  R24  2205  554400.00   19106.126944   -4092.974166  -16387.981549      89.309876
  138  R24  2205  555300.00   20977.807639   -3917.979225  -13965.209034      89.311143
  139  R24  2205  556200.00   22543.583019   -3909.516737  -11271.030828      89.312643
  140  R24  2205  557100.00   23760.714001   -4024.706998   -8357.838595      89.314460
  141  R24  2205  558000.00   24597.838593   -4213.927688   -5282.265724      89.317592
  142  R24  2205  558900.00   25036.177484   -4423.141434   -2104.082860      89.319025
  143  R24  2205  559800.00   25070.229159   -4596.414532    1114.966829      89.320484
  144  R24  2205  560700.00   24707.926108   -4678.519497    4312.369540      89.321501
  145  R24  2205  561600.00   23970.246426   -4617.510703    7426.056118      89.322987
  146  R24  2205  562500.00   22890.297956   -4367.163636   10395.606747      89.324282
  147  R24  2205  563400.00   21511.914222   -3889.174268   13163.421485      89.325692
  148  R24  2205  564300.00   19887.821766   -3155.025342   15675.833921      89.327549
  149  R24  2205  565200.00   18077.456199   -2147.440552   17884.146611      89.329380
  150  R24  2205  566100.00   16144.518674    -861.365023   19745.568711      89.330921
  151  R24  2205  567000.00   14154.374954     695.569571   21224.038337      89.332546
  152  R24  2205  567900.00   12171.405399    2503.115422   22290.914544      89.333657
  153  R24  2205  568800.00   10256.415836    4529.012440   22925.526385      89.335646
  154  R24  2205  569700.00    8464.216440    6730.101364   23115.569209      89.337704
  155  R24  2205  570600.00    6841.468498    9053.900984   22857.341125      89.339194
  156  R24  2205  571500.00    5424.887693   11440.585156   22155.815401      89.340746
  157  R24  2205  572400.00    4239.877724   13825.278794   21024.547410      89.342898
  158  R24  2205  573300.00    3299.650277   16140.578741   19485.417608      89.344847
  159  R24  2205  574200.00    2604.867267   18319.195955   17568.214903      89.346242
  160  R24  2205  575100.00    2143.819708   20296.610085   15310.067651      89.347843
  161  R24  2205  576000.00    1893.135268   22013.626663   12754.732302      89.349632
  162  R24  2205  576900.00    1818.984565   23418.730677    9951.752529      89.350863
  163  R24  2205  577800.00    1878.735283   24470.138370    6955.504247      89.352009
  164  R24  2205  578700.00    2022.984301   25137.461224    3824.144408      89.353639
  165  R24  2205  579600.00    2197.881841   25402.912045     618.483594      89.354846
  166  R24  2205  580500.00    2347.649086   25262.001948   -2599.195763      89.356140
  167  R24  2205  581400.00    2417.182212   24723.698373   -5766.352318      89.356727
  168  R24  2205  582300.00    2354.631859   23810.036859   -8821.405839      89.359301
  169  R24  2205  583200.00    2113.847839   22555.202699  -11704.939986      89.361175
  170  R24  2205  584100.00    1656.584513   21004.120395  -14360.863638      89.362342
  171  R24  2205  585000.00     954.372189   19210.610146  -16737.507499      89.364779
  172  R24  2205  585900.00     -10.025907   17235.189152  -18788.634103      89.366638
  173  R24  2205  586800.00   -1241.633943   15142.609945  -20474.341094      89.367744
  174  R24  2205  587700.00   -2732.803721   12999.239211  -21761.840002      89.369062
  175  R24  2205  588600.00   -4463.295483   10870.387104  -22626.095312      89.370490
  176  R24  2205  589500.00   -6400.897049    8817.698894  -23050.311519      89.372470
  177  R24  2205  590400.00   -8502.556367    6896.717925  -23026.258920      89.373603
  178  R24  2205  591300.00  -10715.980931    5154.721432  -22554.432041      89.375462
  179  R24  2205  592200.00  -12981.637906    3628.919072  -21644.037864      89.376524
  180  R24  2205  593100.00  -15235.071931    2345.088672  -20312.814261      89.377461
  181  R24  2205  594000.00  -17409.444214    1316.705169  -18586.682264      89.379263
  182  R24  2205  594900.00  -19438.187163     544.597991  -16499.238978      89.380048
  183  R24  2205  595800.00  -21257.663822      17.149836  -14091.101009      89.382311
  184  R24  2205  596700.00  -22809.721112    -288.972953  -11409.111203      89.384998
  185  R24  2205  597600.00  -24044.030176    -407.590619   -8505.424197      89.386151
  186  R24  2205  598500.00  -24920.115986    -381.334046   -5436.488748      89.387493
  187  R24  2205  599400.00  -25408.991418    -259.594693   -2261.946904      89.389225
  188  R24  2205  600300.00  -25494.327561     -96.188155     956.528207      89.390474
  189  R24  2205  601200.00  -25173.111605      53.168833    4156.432923      89.392470
  190  R24  2205  602100.00  -24455.765208     133.460432    7275.648203      89.393735
  191  R24  2205  603000.00  -23365.718974      92.942056   10253.645384      89.394605
  192  R24  2205  603900.00  -21938.461477    -114.430096   13032.658965      89.395932

