#Epch  SVN  Week   Week-Sec          X[km]         Y[km]          Z[km]           T[Ms]
#====  ===  ====  =========  =============  =============  =============  =============
    1  G01  2205  432000.00   16202.538400   13435.558389  -16704.098748     384.912350
    2  G01  2205  432900.00   14261.201424   13307.631889  -18481.296027     384.904481
    3  G01  2205  433800.00   12133.882729   13282.919871  -19951.330255     384.896599
    4  G01  2205  434700.00    9861.718000   13383.334743  -21089.565778     384.888772
    5  G01  2205  435600.00    7489.978436   13623.435437  -21876.656956     384.880897
    6  G01  2205  436500.00    5066.577191   14009.794596  -22298.863211     384.873012
    7  G01  2205  437400.00    2640.478692   14540.660650  -22348.295970     384.865152
    8  G01  2205  438300.00     260.063788   15205.929569  -22023.092926     384.857322
    9  G01  2205  439200.00   -2028.493999   15987.431542  -21327.514625     384.849441
   10  G01  2205  440100.00   -4182.784835   16859.527786  -20271.957972     384.841628
   11  G01  2205  441000.00   -6165.595881   17790.002267  -18872.881203     384.833820
   12  G01  2205  441900.00   -7946.168204   18741.222517  -17152.635106     384.826010
   13  G01  2205  442800.00   -9501.228123   19671.533311  -15139.195934     384.818189
   14  G01  2205  443700.00  -10815.749949   20536.837012  -12865.796717     384.810389
   15  G01  2205  444600.00  -11883.415238   21292.305393  -10370.455390     384.802458
   16  G01  2205  445500.00  -12706.743722   21894.160159   -7695.400581     384.794606
   17  G01  2205  446400.00  -13296.882938   22301.453747   -4886.398757     384.786785
   18  G01  2205  447300.00  -13673.056846   22477.778836   -1991.989841     384.778959
   19  G01  2205  448200.00  -13861.687954   22392.834765     937.357951     384.771128
   20  G01  2205  449100.00  -13895.222075   22023.782119    3850.159470     384.763313
   21  G01  2205  450000.00  -13810.698937   21356.323341    6694.871988     384.755503
   22  G01  2205  450900.00  -13648.124819   20385.457191    9420.881110     384.747632
   23  G01  2205  451800.00  -13448.714111   19115.868092   11979.489227     384.739791
   24  G01  2205  452700.00  -13253.074576   17561.927198   14324.880914     384.731946
   25  G01  2205  453600.00  -13099.415356   15747.299627   16415.039142     384.724050
   26  G01  2205  454500.00  -13021.857064   13704.170752   18212.586936     384.716157
   27  G01  2205  455400.00  -13048.919322   11472.122618   19685.531053     384.708243
   28  G01  2205  456300.00  -13202.253221    9096.708301   20807.887386     384.700356
   29  G01  2205  457200.00  -13495.674535    6627.786312   21560.171875     384.692488
   30  G01  2205  458100.00  -13934.539110    4117.688121   21929.745489     384.684648
   31  G01  2205  459000.00  -14515.485345    1619.298887   21911.007022     384.676761
   32  G01  2205  459900.00  -15226.551285    -815.865783   21505.432672     384.668899
   33  G01  2205  460800.00  -16047.656508   -3139.505727   20721.466415     384.661053
   34  G01  2205  461700.00  -16951.422710   -5308.228993   19574.269604     384.653231
   35  G01  2205  462600.00  -17904.292578   -7285.024658   18085.342049     384.645372
   36  G01  2205  463500.00  -18867.894783   -9040.460563   16282.029688     384.637553
   37  G01  2205  464400.00  -19800.594167  -10553.564511   14196.935946     384.629693
   38  G01  2205  465300.00  -20659.160700  -11812.362126   11867.254950     384.621807
   39  G01  2205  466200.00  -21400.488442  -12814.059576    9334.044976     384.613938
   40  G01  2205  467100.00  -21983.296479  -13564.873872    6641.459991     384.606069
   41  G01  2205  468000.00  -22369.747167  -14079.526867    3835.956077     384.598175
   42  G01  2205  468900.00  -22526.922741  -14380.431053     965.487972     384.590359
   43  G01  2205  469800.00  -22428.108766  -14496.605272   -1921.290796     384.582385
   44  G01  2205  470700.00  -22053.841932  -14462.366659   -4775.812642     384.574693
   45  G01  2205  471600.00  -21392.689182  -14315.850950   -7550.355858     384.566969
   46  G01  2205  472500.00  -20441.735249  -14097.417287  -10198.771799     384.559168
   47  G01  2205  473400.00  -19206.766403  -13847.995796  -12677.173019     384.551374
   48  G01  2205  474300.00  -17702.148072  -13607.436265  -14944.577285     384.543528
   49  G01  2205  475200.00  -15950.403698  -13412.914825  -16963.503355     384.535700
   50  G01  2205  476100.00  -13981.511453  -13297.452673  -18700.515097     384.527792
   51  G01  2205  477000.00  -11831.943835  -13288.596646  -20126.710851     384.519915
   52  G01  2205  477900.00   -9543.482842  -13407.306085  -21218.155002     384.512021
   53  G01  2205  478800.00   -7161.850097  -13667.084001  -21956.248550     384.504143
   54  G01  2205  479700.00   -4735.197093  -14073.383220  -22328.035068     384.496235
   55  G01  2205  480600.00   -2312.505360  -14623.309954  -22326.437991     384.488331
   56  G01  2205  481500.00      58.050129  -15305.638326  -21950.424584     384.480466
   57  G01  2205  482400.00    2330.718796  -16101.139767  -21205.091547     384.472584
   58  G01  2205  483300.00    4463.717273  -16983.221078  -20101.666814     384.464752
   59  G01  2205  484200.00    6420.641741  -17918.854509  -18657.422107     384.456916
   60  G01  2205  485100.00    8171.696903  -18869.772610  -16895.491088     384.449182
   61  G01  2205  486000.00    9694.693146  -19793.890225  -14844.588682     384.441317
   62  G01  2205  486900.00   10975.769847  -20646.906168  -12538.628467     384.433501
   63  G01  2205  487800.00   12009.811193  -21384.028241  -10016.236858     384.425681
   64  G01  2205  488700.00   12800.531186  -21961.757960   -7320.165252     384.417864
   65  G01  2205  489600.00   13360.216581  -22339.665946   -4496.604287     384.410016
   66  G01  2205  490500.00   13709.129937  -22482.086239   -1594.407792     384.402179
   67  G01  2205  491400.00   13874.589267  -22359.657903    1335.762299     384.394354
   68  G01  2205  492300.00   13889.755374  -21950.645904    4242.354995     384.386537
   69  G01  2205  493200.00   13792.171944  -21241.980240    7073.894577     384.378686
   70  G01  2205  494100.00   13622.116168  -20229.962765    9779.968365     384.370820
   71  G01  2205  495000.00   13420.828055  -18920.604752   12312.213656     384.362978
   72  G01  2205  495900.00   13228.694014  -17329.574316   14625.278051     384.355134
   73  G01  2205  496800.00   13083.464059  -15481.750628   16677.727089     384.347270
   74  G01  2205  497700.00   13018.581653  -13410.400334   18432.873986     384.339389
   75  G01  2205  498600.00   13061.700771  -11156.009618   19859.508413     384.331474
   76  G01  2205  499500.00   13233.456233   -8764.821862   20932.504512     384.323516
   77  G01  2205  500400.00   13546.541363   -6287.144713   21633.292542     384.315633
   78  G01  2205  501300.00   14005.132248   -3775.500846   21950.183405     384.307789
   79  G01  2205  502200.00   14604.681159   -1282.703145   21878.540515     384.299944
   80  G01  2205  503100.00   15332.084294    1140.062817   21420.798696     384.292109
   81  G01  2205  504000.00   16166.211683    3445.068203   20586.334743     384.284358
   82  G01  2205  504900.00   17078.771118    5589.707494   19391.198681     384.276573
   83  G01  2205  505800.00   18035.463886    7537.936841   17857.718404     384.268782
   84  G01  2205  506700.00   18997.378776    9261.430845   16013.993136     384.260971
   85  G01  2205  507600.00   19922.562498   10740.418236   13893.293027     384.253179
   86  G01  2205  508500.00   20767.699552   11964.171720   11533.383103     384.245396
   87  G01  2205  509400.00   21489.832745   12931.142215    8975.789954     384.237661
   88  G01  2205  510300.00   22048.056590   13648.742084    6265.028868     384.229851
   89  G01  2205  511200.00   22405.119621   14132.795231    3447.808031     384.222028
   90  G01  2205  512100.00   22528.877561   14406.683637     572.224792     384.214230
   91  G01  2205  513000.00   22393.546973   14500.229679   -2313.032784     384.206491
   92  G01  2205  513900.00   21980.718212   14448.361497   -5159.467820     384.198828
   93  G01  2205  514800.00   21280.095942   14289.614173   -7919.530531     384.191137
   94  G01  2205  515700.00   20289.945795   14064.523267  -10547.340439     384.183371
   95  G01  2205  516600.00   19017.236319   13813.969111  -12999.368777     384.175549
   96  G01  2205  517500.00   17477.475247   13577.530069  -15235.076149     384.167717
   97  G01  2205  518400.00   15694.248744   13391.901371  -17217.501454     384.159917
   98  G01  2205  519300.00   13698.481390   13289.433044  -18913.798713     384.152091
   99  G01  2205  520200.00   11527.443169   13296.836097  -20295.718698     384.144236
  100  G01  2205  521100.00    9223.536927   13434.100572  -21340.032363     384.136395
  101  G01  2205  522000.00    6832.906681   13713.662523  -22028.892782     384.128505
  102  G01  2205  522900.00    4403.912580   14139.849524  -22350.131968     384.120627
  103  G01  2205  523800.00    1985.522885   14708.625985  -22297.488397     384.112770
  104  G01  2205  524700.00    -374.323343   15407.650522  -21870.760590     384.104873
  105  G01  2205  525600.00   -2630.327135   16216.647936  -21075.881589     384.097018
  106  G01  2205  526500.00   -4741.357850   17108.088217  -19924.908931     384.089208
  107  G01  2205  527400.00   -6671.843546   18048.154451  -18435.924663     384.081373
  108  G01  2205  528300.00   -8392.971098   18997.970993  -16632.840321     384.073571
  109  G01  2205  529200.00   -9883.648390   19915.052879  -14545.102603     384.065632
  110  G01  2205  530100.00  -11131.187544   20754.927766  -12207.296824     384.057840
  111  G01  2205  531000.00  -12131.676876   21472.872964   -9658.647179     384.050012
  112  G01  2205  531900.00  -12890.019768   22025.703069   -6942.415337     384.042101
  113  G01  2205  532800.00  -13419.630974   22373.538638   -4105.201959     384.034237
  114  G01  2205  533700.00  -13741.794422   22481.483969   -1196.159197     384.026439
  115  G01  2205  534600.00  -13884.700980   22321.142665    1733.874060     384.018628
  116  G01  2205  535500.00  -13882.199223   21871.903680    4633.298579     384.010835
  117  G01  2205  536400.00  -13772.306081   21121.938035    7450.723718     384.003015
  118  G01  2205  537300.00  -13595.536716   20068.857334   10135.956634     383.995179
  119  G01  2205  538200.00  -13393.122982   18719.999139   12640.987238     383.987320
  120  G01  2205  539100.00  -13205.196805   17092.320680   14920.943000     383.979481
  121  G01  2205  540000.00  -13069.018027   15211.900323   16934.987548     383.971584
  122  G01  2205  540900.00  -13017.325415   13113.064702   18647.138056     383.963703
  123  G01  2205  541800.00  -13076.884445   10837.177341   20026.978755     383.955877
  124  G01  2205  542700.00  -13267.296534    8431.140774   21050.251250     383.947992
  125  G01  2205  543600.00  -13600.121880    5945.677643   21699.306675     383.940068
  126  G01  2205  544500.00  -14078.353004    3433.466180   21963.409637     383.932197
  127  G01  2205  545400.00  -14696.259231     947.211378   21838.889116     383.924348
  128  G01  2205  546300.00  -15439.604845   -1462.265301   21329.136726     383.916453
  129  G01  2205  547200.00  -16286.226512   -3747.837495   20444.457608     383.908614
  130  G01  2205  548100.00  -17206.939747   -5867.713105   19201.783545     383.900758
  131  G01  2205  549000.00  -18166.730515   -7786.837173   17624.261424     383.892906
  132  G01  2205  549900.00  -19126.177100   -9478.006948   15740.732794     383.885088
  133  G01  2205  550800.00  -20043.039483  -10922.661568   13585.122025     383.877218
  134  G01  2205  551700.00  -20873.948850  -12111.323697   11195.751357     383.869381
  135  G01  2205  552600.00  -21576.128372  -13043.685344    8614.601143     383.861579
  136  G01  2205  553500.00  -22109.077899  -13728.344357    5886.532924     383.853614
  137  G01  2205  554400.00  -22436.159238  -14182.211164    3058.491687     383.845777
  138  G01  2205  555300.00  -22526.024961  -14429.616778     178.702126     383.837977
  139  G01  2205  556200.00  -22353.841488  -14501.162608   -2704.128173     383.830218
  140  G01  2205  557100.00  -21902.266597  -14432.360230   -5541.587608     383.822513
  141  G01  2205  558000.00  -21162.150941  -14262.114487   -8286.312294     383.814804
  142  G01  2205  558900.00  -20132.943610  -14031.106848  -10892.703174     383.807039
  143  G01  2205  559800.00  -18822.792249  -13780.137488  -13317.602579     383.799219
  144  G01  2205  560700.00  -17248.338139  -13548.484190  -15520.925445     383.791420
  145  G01  2205  561600.00  -15434.216123  -13372.334324  -17466.241292     383.783536
  146  G01  2205  562500.00  -13412.278433  -13283.342914  -19121.303649     383.775731
  147  G01  2205  563400.00  -11220.569579  -13307.365236  -20458.523890     383.767863
  148  G01  2205  564300.00   -8902.086950  -13463.406754  -21455.386416     383.759974
  149  G01  2205  565200.00   -6503.368161  -13762.826460  -22094.801887     383.752085
  150  G01  2205  566100.00   -4072.951700  -14208.822148  -22365.394805     383.744241
  151  G01  2205  567000.00   -1659.761754  -14796.217690  -22261.721213     383.736385
  152  G01  2205  567900.00     688.528760  -15511.563287  -21784.411796     383.728436
  153  G01  2205  568800.00    2927.101077  -16333.549900  -20940.235180     383.720518
  154  G01  2205  569700.00    5015.503212  -17233.728829  -19742.075992     383.712711
  155  G01  2205  570600.00    6919.017394  -18177.516923  -18208.822277     383.704939
  156  G01  2205  571500.00    8609.830455  -19125.457335  -16365.157252     383.697107
  157  G01  2205  572400.00   10067.960296  -20034.695448  -14241.251285     383.689152
  158  G01  2205  573300.00   11281.898463  -20860.619990  -11872.351415     383.681261
  159  G01  2205  574200.00   12248.937829  -21558.610877   -9298.267716     383.673424
  160  G01  2205  575100.00   12975.165184  -22085.828445   -6562.758453     383.665641
  161  G01  2205  576000.00   13475.110974  -22402.974049   -3712.819017     383.657848
  162  G01  2205  576900.00   13771.062212  -22475.949979    -797.883206     383.649923
  163  G01  2205  577800.00   13892.058992  -22277.347714    2131.050861     383.642125
  164  G01  2205  578700.00   13872.609563  -21787.698022    5022.354112     383.634208
  165  G01  2205  579600.00   13751.172663  -20996.424381    7824.739599     383.626361
  166  G01  2205  580500.00   13568.467960  -19902.452549   10488.252667     383.618511
  167  G01  2205  581400.00   13365.685097  -18514.443458   12965.253435     383.610777
  168  G01  2205  582300.00   13182.668365  -16850.633241   15211.365585     383.602944
  169  G01  2205  583200.00   13056.156666  -14938.282336   17186.365466     383.595076
  170  G01  2205  584100.00   13018.157036  -12812.754046   18854.986754     383.587210
  171  G01  2205  585000.00   13094.524367  -10516.260730   20187.618355     383.579325
  172  G01  2205  585900.00   13303.810480   -8096.331624   21160.876798     383.571470
  173  G01  2205  586800.00   13656.432816   -5604.069384   21758.038766     383.563634
  174  G01  2205  587700.00   14154.197631   -3092.271813   21969.324406     383.555802
  175  G01  2205  588600.00   14790.195556    -613.500550   21792.027321     383.547973
  176  G01  2205  589500.00   15549.069894    1781.820528   21230.492324     383.540119
  177  G01  2205  590400.00   16407.640979    4047.197670   20295.946876     383.532289
  178  G01  2205  591300.00   17335.854368    6141.677825   19006.196320     383.524486
  179  G01  2205  592200.00   18298.007292    8031.215143   17385.196459     383.516659
  180  G01  2205  593100.00   19254.197216    9689.743629   15462.519543     383.508829
  181  G01  2205  594000.00   20161.928934   11099.920445   13272.731314     383.500977
  182  G01  2205  594900.00   20977.812431   12253.519207   10854.697464     383.493172
  183  G01  2205  595800.00   21659.282687   13151.467508    8250.837765     383.485488
  184  G01  2205  596700.00   22166.274458   13803.537046    5506.345336     383.477670
  185  G01  2205  597600.00   22462.789474   14227.707586    2668.387244     383.469858
  186  G01  2205  598500.00   22518.299930   14449.237185    -214.699019     383.461941
  187  G01  2205  599400.00   22308.940283   14499.480393   -3094.200518     383.454237
  188  G01  2205  600300.00   21818.448726   14414.503425   -5921.804544     383.446712
  189  G01  2205  601200.00   21038.829355   14233.550257   -8650.346032     383.438983
  190  G01  2205  602100.00   19970.716458   13997.416895  -11234.519470     383.431221
  191  G01  2205  603000.00   18623.432847   13746.792351  -13631.549527     383.423456
  192  G01  2205  603900.00   17014.743933   13520.624236  -15801.815778     383.415687

