#Epch  SVN  Week   Week-Sec          X[km]         Y[km]          Z[km]           T[Ms]
#====  ===  ====  =========  =============  =============  =============  =============
    1  G05  2205  432000.00   -3724.139845  -24250.643005    9816.385885     -78.320327
    2  G05  2205  432900.00   -2929.934281  -23205.542269   12277.736455     -78.321719
    3  G05  2205  433800.00   -1947.175411  -21970.651487   14524.317943     -78.323030
    4  G05  2205  434700.00    -766.594126  -20587.391265   16516.645428     -78.324120
    5  G05  2205  435600.00     612.803203  -19099.960361   18219.715114     -78.325785
    6  G05  2205  436500.00    2183.482302  -17553.630516   19603.656667     -78.326681
    7  G05  2205  437400.00    3929.474348  -15993.009954   20644.286063     -78.327931
    8  G05  2205  438300.00    5826.812352  -14460.346916   21323.546760     -78.329440
    9  G05  2205  439200.00    7844.293122  -12993.942760   21629.829947     -78.330913
   10  G05  2205  440100.00    9944.533503  -11626.739173   21558.167825     -78.332133
   11  G05  2205  441000.00   12085.277236  -10385.136200   21110.297192     -78.333216
   12  G05  2205  441900.00   14220.898517   -9288.087453   20294.593928     -78.334590
   13  G05  2205  442800.00   16304.040619   -8346.506712   19125.882113     -78.336211
   14  G05  2205  443700.00   18287.323072   -7563.006626   17625.124398     -78.337638
   15  G05  2205  444600.00   20125.048962   -6931.976190   15819.002769     -78.338633
   16  G05  2205  445500.00   21774.844986   -6439.989655   13739.400947     -78.339963
   17  G05  2205  446400.00   23199.170757   -6066.526241   11422.801279     -78.341348
   18  G05  2205  447300.00   24366.640162   -5784.967957    8909.610115     -78.342482
   19  G05  2205  448200.00   25253.106132   -5563.832488    6243.426368     -78.343231
   20  G05  2205  449100.00   25842.470243   -5368.189782    3470.268128     -78.344814
   21  G05  2205  450000.00   26127.189961   -5161.204985     637.772096     -78.345965
   22  G05  2205  450900.00   26108.468248   -4905.746711   -2205.619929     -78.347303
   23  G05  2205  451800.00   25796.122455   -4565.998444   -5011.474013     -78.348477
   24  G05  2205  452700.00   25208.141244   -4109.011956   -7732.163939     -78.349636
   25  G05  2205  453600.00   24369.949478   -3506.144867  -10321.646448     -78.350620
   26  G05  2205  454500.00   23313.411142   -2734.329677  -12736.201480     -78.351793
   27  G05  2205  455400.00   22075.609178   -1777.128393  -14935.128092     -78.353055
   28  G05  2205  456300.00   20697.448392    -625.535122  -16881.387806     -78.353999
   29  G05  2205  457200.00   19222.133228     721.501807  -18542.188043     -78.355244
   30  G05  2205  458100.00   17693.575973    2256.856577  -19889.499186     -78.356463
   31  G05  2205  459000.00   16154.792993    3965.309449  -20900.499506     -78.357586
   32  G05  2205  459900.00   14646.346725    5823.934536  -21557.942815     -78.358686
   33  G05  2205  460800.00   13204.889459    7802.778690  -21850.444284     -78.360081
   34  G05  2205  461700.00   11861.861554    9865.808354  -21772.680333     -78.360773
   35  G05  2205  462600.00   10642.391546   11972.091842  -21325.499018     -78.362308
   36  G05  2205  463500.00    9564.438981   14077.176041  -20515.937909     -78.363454
   37  G05  2205  464400.00    8638.212645   16134.609232  -19357.147075     -78.364443
   38  G05  2205  465300.00    7865.887503   18097.555879  -17868.215651     -78.365605
   39  G05  2205  466200.00    7241.633285   19920.445032  -16073.901442     -78.367173
   40  G05  2205  467100.00    6751.956506   21560.591634  -14004.264274     -78.368254
   41  G05  2205  468000.00    6376.346117   22979.729825  -11694.205311     -78.369660
   42  G05  2205  468900.00    6088.201396   24145.399233   -9182.916282     -78.370572
   43  G05  2205  469800.00    5856.009387   25032.129484   -6513.244525     -78.372055
   44  G05  2205  470700.00    5644.728820   25622.374686   -3730.981906     -78.373100
   45  G05  2205  471600.00    5417.328284   25907.158292    -884.087850     -78.374405
   46  G05  2205  472500.00    5136.419098   25886.399343    1978.141049     -78.375415
   47  G05  2205  473400.00    4765.918220   25568.903339    4805.940294     -78.376549
   48  G05  2205  474300.00    4272.673923   24972.014305    7549.969266     -78.378098
   49  G05  2205  475200.00    3627.987283   24120.938556   10162.207691     -78.379293
   50  G05  2205  476100.00    2808.965725   23047.764572   12596.838002     -78.380448
   51  G05  2205  477000.00    1799.651020   21790.216498   14811.094391     -78.381850
   52  G05  2205  477900.00     591.872999   20390.190580   16766.059613     -78.382999
   53  G05  2205  478800.00    -814.208511   18892.133500   18427.391448     -78.384260
   54  G05  2205  479700.00   -2409.897934   17341.328769   19765.962306     -78.385452
   55  G05  2205  480600.00   -4178.104464   15782.161495   20758.397547     -78.387086
   56  G05  2205  481500.00   -6093.824083   14256.432821   21387.500693     -78.388222
   57  G05  2205  482400.00   -8124.943700   12801.793070   21642.556721     -78.389099
   58  G05  2205  483300.00  -10233.334306   11450.357241   21519.507825     -78.390353
   59  G05  2205  484200.00  -12376.187970   10227.558271   21020.999387     -78.392267
   60  G05  2205  485100.00  -14507.543557    9151.282888   20156.297185     -78.393504
   61  G05  2205  486000.00  -16579.938689    8231.322479   18941.079967     -78.394867
   62  G05  2205  486900.00  -18546.121016    7469.157806   17397.114384     -78.395987
   63  G05  2205  487800.00  -20360.750321    6858.082312   15551.821731     -78.397358
   64  G05  2205  488700.00  -21982.024475    6383.654819   13437.747965     -78.398363
   65  G05  2205  489600.00  -23373.166426    6024.459278   11091.950050     -78.399577
   66  G05  2205  490500.00  -24503.716097    5753.137340    8555.312747     -78.400959
   67  G05  2205  491400.00  -25350.579796    5537.649457    5871.810573     -78.402198
   68  G05  2205  492300.00  -25898.800069    5342.712198    3087.729833     -78.403278
   69  G05  2205  493200.00  -26142.020374    5131.353775     250.865423     -78.404457
   70  G05  2205  494100.00  -26082.630966    4866.526456   -2590.293436     -78.405628
   71  G05  2205  495000.00  -25731.594537    4512.713686   -5387.375154     -78.406990
   72  G05  2205  495900.00  -25107.961940    4037.471090   -8092.922984     -78.408456
   73  G05  2205  496800.00  -24238.099385    3412.844108  -10661.166136     -78.409468
   74  G05  2205  497700.00  -23154.658445    2616.610387  -13048.754548     -78.410800
   75  G05  2205  498600.00  -21895.328867    1633.302145  -15215.448130     -78.411910
   76  G05  2205  499500.00  -20501.421221     454.972030  -17124.752379     -78.413435
   77  G05  2205  500400.00  -19016.331789    -918.324596  -18744.493140     -78.414397
   78  G05  2205  501300.00  -17483.945676   -2478.347941  -20047.324157     -78.415438
   79  G05  2205  502200.00  -15947.035859   -4208.799180  -21011.161759     -78.416690
   80  G05  2205  503100.00  -14445.715758   -6085.748883  -21619.541619     -78.417622
   81  G05  2205  504000.00  -13016.001036   -8078.353982  -21861.893103     -78.418937
   82  G05  2205  504900.00  -11688.532626  -10149.838819  -21733.727174     -78.420105
   83  G05  2205  505800.00  -10487.507651  -12258.706505  -21236.734367     -78.421295
   84  G05  2205  506700.00   -9429.858030  -14360.138529  -20378.789888     -78.422331
   85  G05  2205  507600.00   -8524.708229  -16407.533430  -19173.863573     -78.423655
   86  G05  2205  508500.00   -7773.134124  -18354.129697  -17641.833288     -78.424864
   87  G05  2205  509400.00   -7168.234422  -20154.654109  -15808.201384     -78.426200
   88  G05  2205  510300.00   -6695.514871  -21766.934671  -13703.715112     -78.427240
   89  G05  2205  511200.00   -6333.573882  -23153.417326  -11363.893423     -78.428536
   90  G05  2205  512100.00   -6055.066573  -24282.527911   -8828.464354     -78.429693
   91  G05  2205  513000.00   -5827.913119  -25129.825325   -6140.719199     -78.430926
   92  G05  2205  513900.00   -5616.706949  -25678.898706   -3346.791809     -78.432466
   93  G05  2205  514800.00   -5384.269493  -25921.970378    -494.873555     -78.433391
   94  G05  2205  515700.00   -5093.291065  -25860.177128    2365.623252     -78.434552
   95  G05  2205  516600.00   -4707.992708  -25503.514826    5184.938712     -78.435976
   96  G05  2205  517500.00   -4195.741610  -24870.444843    7913.858831     -78.436838
   97  G05  2205  518400.00   -3528.553415  -23987.174653   10504.611174     -78.438071
   98  G05  2205  519300.00   -2684.418182  -22886.638983   12911.743912     -78.439495
   99  G05  2205  520200.00   -1648.393851  -21607.220500   15092.968702     -78.440850
  100  G05  2205  521100.00    -413.419344  -20191.261096   17009.949043     -78.442187
  101  G05  2205  522000.00    1019.188108  -18683.423667   18629.015804     -78.443777
  102  G05  2205  522900.00    2639.574077  -17128.971359   19921.793836     -78.445057
  103  G05  2205  523800.00    4429.534531  -15572.034920   20865.725530     -78.446461
  104  G05  2205  524700.00    6363.043154  -14053.939326   21444.479906     -78.447515
  105  G05  2205  525600.00    8407.097038  -12611.658170   21648.238845     -78.448932
  106  G05  2205  526500.00   10522.845923  -11276.458466   21473.855305     -78.450095
  107  G05  2205  527400.00   12666.958320  -10072.789995   20924.881701     -78.451251
  108  G05  2205  528300.00   14793.168229   -9017.462411   20011.469918     -78.453128
  109  G05  2205  529200.00   16853.939217   -8119.140733   18750.147486     -78.454323
  110  G05  2205  530100.00   18802.178509   -7378.176164   17163.477253     -78.455472
  111  G05  2205  531000.00   20592.932685   -6786.775063   15279.610299     -78.456730
  112  G05  2205  531900.00   22184.998364   -6329.495027   13131.743808     -78.458196
  113  G05  2205  532800.00   23542.385847   -5984.044038   10757.497114     -78.459179
  114  G05  2205  533700.00   24635.580666   -5722.346966    8198.220138     -78.460971
  115  G05  2205  534600.00   25442.556938   -5511.833919    5498.249014     -78.462031
  116  G05  2205  535500.00   25949.506975   -5316.897205    2704.123783     -78.463372
  117  G05  2205  536400.00   26151.263111   -5100.458302    -136.217184     -78.464149
  118  G05  2205  537300.00   26051.399826   -4825.583262   -2974.251960     -78.465904
  119  G05  2205  538200.00   25662.016310   -4457.084397   -5761.685779     -78.466853
  120  G05  2205  539100.00   25003.211391   -3963.047808   -8451.245388     -78.468254
  121  G05  2205  540000.00   24102.273611   -3316.230113  -10997.445845     -78.469067
  122  G05  2205  540900.00   22992.619088   -2495.273379  -13357.319642     -78.470869
  123  G05  2205  541800.00   21712.518188   -1485.694530  -15491.099143     -78.471947
  124  G05  2205  542700.00   20303.658896    -280.613983  -17362.844338     -78.472983
  125  G05  2205  543600.00   18809.599876    1118.802216  -18941.008829     -78.474055
  126  G05  2205  544500.00   17274.169552    2703.202364  -20198.937797     -78.475252
  127  G05  2205  545400.00   15739.869020    4455.216241  -21115.292355     -78.476220
  128  G05  2205  546300.00   14246.336232    6349.923938  -21674.395348     -78.477310
  129  G05  2205  547200.00   12828.926742    8355.610466  -21866.494147     -78.478760
  130  G05  2205  548100.00   11517.462405   10434.780371  -21687.936497     -78.479899
  131  G05  2205  549000.00   10335.193833   12545.397421  -21141.256001     -78.481160
  132  G05  2205  549900.00    9298.015342   14642.306209  -20235.164373     -78.482226
  133  G05  2205  550800.00    8413.962642   16678.785672  -18984.448317     -78.483366
  134  G05  2205  551700.00    7683.013826   18608.179008  -17409.769721     -78.484657
  135  G05  2205  552600.00    7097.203646   20385.540842  -15537.368959     -78.485524
  136  G05  2205  553500.00    6641.049711   21969.240631  -13398.672382     -78.487002
  137  G05  2205  554400.00    6292.277644   23322.461711  -11029.806653     -78.488101
  138  G05  2205  555300.00    6022.820686   24414.537893   -8471.024406     -78.489162
  139  G05  2205  556200.00    5800.058100   25222.074387   -5766.047680     -78.490159
  140  G05  2205  557100.00    5588.246688   25729.806959   -2961.337791     -78.491837
  141  G05  2205  558000.00    5350.090976   25931.162422    -105.302494     -78.493183
  142  G05  2205  558900.00    5048.390905   25828.494665    2752.546520     -78.493858
  143  G05  2205  559800.00    4647.701359   25432.982994    5562.470714     -78.495195
  144  G05  2205  560700.00    4115.936086   24764.193122    8275.399568     -78.496059
  145  G05  2205  561600.00    3425.849609   23849.315146   10843.825088     -78.497552
  146  G05  2205  562500.00    2556.334769   22722.106585   13222.676980     -78.498515
  147  G05  2205  563400.00    1493.480471   21421.581389   15370.159302     -78.500049
  148  G05  2205  564300.00     231.343718   19990.497077   17248.529828     -78.501082
  149  G05  2205  565200.00   -1227.598120   18473.701218   18824.804400     -78.502426
  150  G05  2205  566100.00   -2872.335433   16916.404840   20071.370271     -78.503772
  151  G05  2205  567000.00   -4683.560931   15362.453666   20966.494694     -78.504710
  152  G05  2205  567900.00   -6634.241842   13852.668188   21494.717721     -78.506278
  153  G05  2205  568800.00   -8690.506532   12423.320435   21647.121249     -78.507611
  154  G05  2205  569700.00  -10812.808959   11104.809088   21421.469638     -78.509158
  155  G05  2205  570600.00  -12957.322865    9920.585694   20822.220506     -78.510530
  156  G05  2205  571500.00  -15077.508317    8886.373588   19860.407615     -78.511610
  157  G05  2205  572400.00  -17125.786623    8009.708320   18553.400766     -78.513341
  158  G05  2205  573300.00  -19055.255975    7289.814626   16924.550400     -78.514185
  159  G05  2205  574200.00  -20821.379466    6717.820859   15002.726917     -78.515536
  160  G05  2205  575100.00  -22383.579349    6277.298005   12821.766679     -78.517447
  161  G05  2205  576000.00  -23706.676321    5945.097551   10419.838050     -78.518376
  162  G05  2205  576900.00  -24762.119873    5692.451084    7838.741809     -78.519464
  163  G05  2205  577800.00  -25528.964963    5486.284898    5123.160743     -78.520962
  164  G05  2205  578700.00  -25994.560965    5290.695514    2319.873319     -78.522170
  165  G05  2205  579600.00  -26154.930486    5068.526973    -523.053991     -78.523424
  166  G05  2205  580500.00  -26014.827754    4782.988081   -3357.081751     -78.524819
  167  G05  2205  581400.00  -25587.478373    4399.247579   -6134.006801     -78.525495
  168  G05  2205  582300.00  -24894.013879    3885.947159   -8806.753570     -78.527299
  169  G05  2205  583200.00  -23962.625321    3216.576372  -11330.136371     -78.528546
  170  G05  2205  584100.00  -22827.469722    2370.659302  -13661.582729     -78.529662
  171  G05  2205  585000.00  -21527.371485    1334.710392  -15761.808865     -78.530633
  172  G05  2205  585900.00  -20104.367444     102.925389  -17595.439462     -78.532111
  173  G05  2205  586800.00  -18602.149130   -1322.416949  -19131.564755     -78.533257
  174  G05  2205  587700.00  -17064.458876   -2930.856577  -20344.228788     -78.534443
  175  G05  2205  588600.00  -15533.497650   -4703.960949  -21212.843360     -78.534983
  176  G05  2205  589500.00  -14048.401870   -6615.833925  -21722.522766     -78.536406
  177  G05  2205  590400.00  -12643.844052   -8633.907531  -21864.334983     -78.538107
  178  G05  2205  591300.00  -11348.808023  -10719.989496  -21635.465415     -78.538990
  179  G05  2205  592200.00  -10185.583618  -12831.530438  -21039.289855     -78.539938
  180  G05  2205  593100.00   -9169.018527  -14923.066551  -20085.353888     -78.541350
  181  G05  2205  594000.00   -8306.056279  -16947.786930  -18789.256692     -78.542451
  182  G05  2205  594900.00   -7595.579545  -18859.169438  -17172.438064     -78.544055
  183  G05  2205  595800.00   -7028.567208  -20612.625560  -15261.868607     -78.545208
  184  G05  2205  596700.00   -6588.562304  -22167.093208  -13089.644383     -78.546235
  185  G05  2205  597600.00   -6252.436263  -23486.517037  -10692.488894     -78.547477
  186  G05  2205  598500.00   -5991.423384  -24541.158742   -8111.167134     -78.548825
  187  G05  2205  599400.00   -5772.388476  -25308.684927   -5389.818459     -78.550056
  188  G05  2205  600300.00   -5559.280675  -25774.987589   -2575.217227     -78.551227
  189  G05  2205  601200.00   -5314.717962  -25934.701721     284.027629     -78.552418
  190  G05  2205  602100.00   -5001.640456  -25791.395865    3138.320767     -78.553658
  191  G05  2205  603000.00   -4584.966399  -25357.424188    5937.960992     -78.555130
  192  G05  2205  603900.00   -4033.183369  -24653.442319    8634.037190     -78.556032

