#Epch  SVN  Week   Week-Sec          X[km]         Y[km]          Z[km]           T[Ms]
#====  ===  ====  =========  =============  =============  =============  =============
    1  G16  2205  432000.00   -2365.867990   22553.709350   13164.116203    -491.685346
    2  G16  2205  432900.00   -3123.464844   21029.642437   15347.582005    -491.688622
    3  G16  2205  433800.00   -4050.435432   19330.211615   17256.584330    -491.692322
    4  G16  2205  434700.00   -5154.246018   17501.528227   18857.203371    -491.695561
    5  G16  2205  435600.00   -6433.831253   15592.044640   20121.297093    -491.699178
    6  G16  2205  436500.00   -7879.472373   13650.686223   21027.025877    -491.702504
    7  G16  2205  437400.00   -9473.044855   11724.986468   21559.231169    -491.706031
    8  G16  2205  438300.00  -11188.621380    9859.306190   21709.661952    -491.709390
    9  G16  2205  439200.00  -12993.399697    8093.212073   21477.048340    -491.712814
   10  G16  2205  440100.00  -14848.910843    6460.080463   20867.026702    -491.716347
   11  G16  2205  441000.00  -16712.451869    4985.980088   19891.925215    -491.719703
   12  G16  2205  441900.00  -18538.679229    3688.873156   18570.422440    -491.723320
   13  G16  2205  442800.00  -20281.294365    2578.158966   16927.094192    -491.726480
   14  G16  2205  443700.00  -21894.751889    1654.568736   14991.865726    -491.729821
   15  G16  2205  444600.00  -23335.922697     910.405553   12799.387045    -491.733396
   16  G16  2205  445500.00  -24565.649040     330.109766   10388.349102    -491.736649
   17  G16  2205  446400.00  -25550.135478    -108.881511    7800.757882    -491.740286
   18  G16  2205  447300.00  -26262.128263    -435.021880    5081.182119    -491.743815
   19  G16  2205  448200.00  -26681.845377    -681.338565    2275.988726    -491.747052
   20  G16  2205  449100.00  -26797.629877    -883.964380    -567.421805    -491.750885
   21  G16  2205  450000.00  -26606.309719   -1080.575391   -3401.369664    -491.754117
   22  G16  2205  450900.00  -26113.257670   -1308.791867   -6178.631075    -491.757422
   23  G16  2205  451800.00  -25332.154857   -1604.599299   -8853.147813    -491.761225
   24  G16  2205  452700.00  -24284.470793   -2000.843871  -11380.705328    -491.764479
   25  G16  2205  453600.00  -22998.681213   -2525.852981  -13719.574995    -491.768104
   26  G16  2205  454500.00  -21509.252586   -3202.226515  -15831.116776    -491.771582
   27  G16  2205  455400.00  -19855.428800   -4045.838681  -17680.339017    -491.775189
   28  G16  2205  456300.00  -18079.861041   -5065.083504  -19236.412186    -491.778565
   29  G16  2205  457200.00  -16227.126423   -6260.389697  -20473.133240    -491.782174
   30  G16  2205  458100.00  -14342.184348   -7624.022638  -21369.336854    -491.785651
   31  G16  2205  459000.00  -12468.821815   -9140.182675  -21909.249184    -491.788922
   32  G16  2205  459900.00  -10648.140003  -10785.400156  -22082.779125    -491.792606
   33  G16  2205  460800.00   -8917.134164  -12529.218330  -21885.741292    -491.796281
   34  G16  2205  461700.00   -7307.417266  -14335.145956  -21320.004321    -491.799723
   35  G16  2205  462600.00   -5844.134654  -16161.852076  -20393.557568    -491.803383
   36  G16  2205  463500.00   -4545.112253  -17964.566298  -19120.489133    -491.806489
   37  G16  2205  464400.00   -3420.274436  -19696.639277  -17520.868335    -491.809818
   38  G16  2205  465300.00   -2471.359530  -21311.210382  -15620.526466    -491.813356
   39  G16  2205  466200.00   -1691.951176  -22762.922997  -13450.731004    -491.816716
   40  G16  2205  467100.00   -1067.832531  -24009.623157  -11047.750419    -491.820187
   41  G16  2205  468000.00    -577.657826  -25013.974665   -8452.309329    -491.823476
   42  G16  2205  468900.00    -193.922557  -25744.923833   -5708.937074    -491.827006
   43  G16  2205  469800.00     115.799854  -26178.950049   -2865.216503    -491.830342
   44  G16  2205  470700.00     387.400072  -26301.044584      29.056058    -491.833674
   45  G16  2205  471600.00     658.610446  -26105.369524    2922.784470    -491.836869
   46  G16  2205  472500.00     967.284741  -25595.561229    5764.540861    -491.840224
   47  G16  2205  473400.00    1349.653421  -24784.657815    8503.565330    -491.843741
   48  G16  2205  474300.00    1838.631260  -23694.647117   11090.771755    -491.847138
   49  G16  2205  475200.00    2462.253482  -22355.649529   13479.732534    -491.850408
   50  G16  2205  476100.00    3242.311932  -20804.767858   15627.614683    -491.853752
   51  G16  2205  477000.00    4193.254120  -19084.652799   17496.040731    -491.857096
   52  G16  2205  477900.00    5321.395719  -17241.846743   19051.850174    -491.860612
   53  G16  2205  478800.00    6624.482075  -15324.979349   20267.740823    -491.863966
   54  G16  2205  479700.00    8091.617341  -13382.895054   21122.773912    -491.867392
   55  G16  2205  480600.00    9703.562146  -11462.795027   21602.732058    -491.870958
   56  G16  2205  481500.00   11433.383338   -9608.473967   21700.324621    -491.874128
   57  G16  2205  482400.00   13247.423273   -7858.725916   21415.240505    -491.877658
   58  G16  2205  483300.00   15106.542414   -6245.983482   20754.053456    -491.880882
   59  G16  2205  484200.00   16967.578068   -4795.242273   19729.989335    -491.884404
   60  G16  2205  485100.00   18784.954573   -3523.307942   18362.568350    -491.887686
   61  G16  2205  486000.00   20512.376125   -2438.387861   16677.137840    -491.891309
   62  G16  2205  486900.00   22104.532728   -1540.034038   14704.312790    -491.894588
   63  G16  2205  487800.00   23518.752080    -819.429203   12479.341925    -491.898028
   64  G16  2205  488700.00   24716.535251    -259.994724   10041.417084    -491.901402
   65  G16  2205  489600.00   25664.921187     161.712514    7432.942736    -491.904683
   66  G16  2205  490500.00   26337.633835     474.856462    4698.781174    -491.908438
   67  G16  2205  491400.00   26715.975541     712.980794    1885.487227    -491.911793
   68  G16  2205  492300.00   26789.440813     912.524527    -959.455501    -491.915150
   69  G16  2205  493200.00   26556.035076    1111.251207   -3788.386755    -491.918731
   70  G16  2205  494100.00   26022.293430    1346.649302   -6554.201796    -491.922211
   71  G16  2205  495000.00   25203.004285    1654.360286   -9211.056869    -491.925448
   72  G16  2205  495900.00   24120.651935    2066.688393  -11715.042609    -491.929111
   73  G16  2205  496800.00   22804.600482    2611.242007  -14024.821017    -491.932422
   74  G16  2205  497700.00   21290.048968    3309.751626  -16102.222386    -491.935803
   75  G16  2205  498600.00   19616.793988    4177.103359  -17912.798924    -491.939533
   76  G16  2205  499500.00   17827.841537    5220.620050  -19426.331893    -491.943003
   77  G16  2205  500400.00   15967.914130    6439.614702  -20617.288893    -491.946537
   78  G16  2205  501300.00   14081.902584    7825.232772  -21465.227450    -491.949790
   79  G16  2205  502200.00   12213.313885    9360.591407  -21955.140508    -491.953371
   80  G16  2205  503100.00   10402.767507   11021.214716  -22077.738653    -491.956872
   81  G16  2205  504000.00    8686.592101   12775.755004  -21829.663224    -491.960358
   82  G16  2205  504900.00    7095.572617   14586.980481  -21213.623806    -491.964007
   83  G16  2205  505800.00    5653.894624   16413.000650  -20238.453155    -491.967124
   84  G16  2205  506700.00    4378.327535   18208.691478  -18919.072469    -491.970872
   85  G16  2205  507600.00    3277.681862   19927.273946  -17276.360190    -491.974015
   86  G16  2205  508500.00    2352.567239   21521.991948  -15336.918338    -491.977517
   87  G16  2205  509400.00    1595.467956   22947.829235  -13132.731756    -491.981051
   88  G16  2205  510300.00     991.141361   24163.200615  -10700.717739    -491.984641
   89  G16  2205  511200.00     517.331840   25131.550371   -8082.166235    -491.987956
   90  G16  2205  512100.00     145.779831   25822.791280   -5322.074146    -491.991300
   91  G16  2205  513000.00    -156.508145   26214.521099   -2468.381127    -491.994746
   92  G16  2205  513900.00    -425.775281   26292.960028     428.881599    -491.998030
   93  G16  2205  514800.00    -699.874481   26053.562606    3318.513638    -492.001510
   94  G16  2205  515700.00   -1016.540244   25501.270353    6149.119274    -492.004919
   95  G16  2205  516600.00   -1411.646532   24650.386911    8870.109571    -492.008442
   96  G16  2205  517500.00   -1917.527563   23524.074581   11432.706902    -492.011577
   97  G16  2205  518400.00   -2561.437300   22153.489095   13790.924628    -492.015213
   98  G16  2205  519300.00   -3364.218287   20576.587205   15902.494250    -492.018542
   99  G16  2205  520200.00   -4339.240955   18836.657638   17729.714140    -492.021905
  100  G16  2205  521100.00   -5491.662355   16980.640014   19240.195464    -492.025122
  101  G16  2205  522000.00   -6818.037421   15057.306190   20407.485641    -492.028707
  102  G16  2205  522900.00   -8306.299057   13115.384850   21211.553719    -492.032292
  103  G16  2205  523800.00   -9936.105507   11201.711796   21639.127516    -492.035442
  104  G16  2205  524700.00  -11679.536239    9359.485729   21683.877860    -492.038994
  105  G16  2205  525600.00  -13502.101806    7626.702541   21346.450679    -492.042465
  106  G16  2205  526500.00  -15364.019715    6034.830929   20634.352640    -492.046057
  107  G16  2205  527400.00  -17221.697946    4607.779243   19561.700367    -492.049339
  108  G16  2205  528300.00  -19029.360628    3361.188904   18148.846630    -492.052929
  109  G16  2205  529200.00  -20740.746790    2302.074253   16421.899371    -492.056346
  110  G16  2205  530100.00  -22310.812793    1428.813388   14412.150904    -492.059839
  111  G16  2205  531000.00  -23697.371821     731.480013   12155.435148    -492.063299
  112  G16  2205  531900.00  -24862.609144     192.493213    9691.430521    -492.066875
  113  G16  2205  532800.00  -25774.419302    -212.449068    7062.925215    -492.070195
  114  G16  2205  533700.00  -26407.520321    -513.196191    4315.060150    -492.073499
  115  G16  2205  534600.00  -26744.310017    -743.780726    1494.563218    -492.077058
  116  G16  2205  535500.00  -26775.439905    -940.918769   -1351.013442    -492.080566
  117  G16  2205  536400.00  -26500.092826   -1142.431757   -4174.043274    -492.083905
  118  G16  2205  537300.00  -25925.960661   -1385.647327   -6927.554153    -492.087356
  119  G16  2205  538200.00  -25068.928321   -1705.835495   -9565.929720    -492.090667
  120  G16  2205  539100.00  -23952.479287   -2134.733604  -12045.577983    -492.094120
  121  G16  2205  540000.00  -22606.846179   -2699.209413  -14325.562951    -492.097822
  122  G16  2205  540900.00  -21067.937163   -3420.106490  -16368.195750    -492.101112
  123  G16  2205  541800.00  -19376.075288   -4311.309949  -18139.581995    -492.104761
  124  G16  2205  542700.00  -17574.593137   -5379.063663  -19610.122243    -492.108375
  125  G16  2205  543600.00  -15708.329388   -6621.562532  -20754.962093    -492.112087
  126  G16  2205  544500.00  -13822.076984   -8028.835247  -21554.388050    -492.115595
  127  G16  2205  545400.00  -11959.034561   -9582.924401  -21994.164624    -492.119091
  128  G16  2205  546300.00  -10159.313502  -11258.361805  -22065.807427    -492.122579
  129  G16  2205  547200.00   -8458.552356  -13022.927660  -21766.786307    -492.126212
  130  G16  2205  548100.00   -6886.688353  -14838.672803  -21100.651941    -492.129685
  131  G16  2205  549000.00   -5466.932138  -16663.173982  -20077.078877    -492.133089
  132  G16  2205  549900.00   -4214.986683  -18450.983044  -18711.817972    -492.136705
  133  G16  2205  550800.00   -3138.544412  -20155.222520  -17026.551457    -492.139911
  134  G16  2205  551700.00   -2237.088027  -21729.272639  -15048.644792    -492.143270
  135  G16  2205  552600.00   -1502.010304  -23128.488718  -12810.790935    -492.146634
  136  G16  2205  553500.00    -917.056520  -24311.883676  -10350.544828    -492.150227
  137  G16  2205  554400.00    -459.080466  -25243.708536   -7709.748715    -492.153563
  138  G16  2205  555300.00     -99.091614  -25894.864564   -4933.852337    -492.156903
  139  G16  2205  556200.00     196.442368  -26244.084643   -2071.135946    -492.160325
  140  G16  2205  557100.00     464.086296  -26278.828549     828.151741    -492.163839
  141  G16  2205  558000.00     741.781143  -25995.847196    3712.724302    -492.166951
  142  G16  2205  558900.00    1067.109467  -25401.384136    6531.236820    -492.170138
  143  G16  2205  559800.00    1475.557299  -24510.998353    9233.289910    -492.173590
  144  G16  2205  560700.00    1998.849533  -23349.009687   11770.432458    -492.176787
  145  G16  2205  561600.00    2663.434114  -21947.586218   14097.135685    -492.180366
  146  G16  2205  562500.00    3489.184566  -20345.510456   16171.711083    -492.183956
  147  G16  2205  563400.00    4488.380629  -18586.677121   17957.146189    -492.187271
  148  G16  2205  564300.00    5665.013725  -16718.388503   19421.834845    -492.190540
  149  G16  2205  565200.00    7014.448292  -14789.523134   20540.182424    -492.194075
  150  G16  2205  566100.00    8523.452765  -12848.659015   21293.071299    -492.197256
  151  G16  2205  567000.00   10170.596282  -10942.233757   21668.177112    -492.200705
  152  G16  2205  567900.00   11926.990050   -9112.820724   21660.131940    -492.203935
  153  G16  2205  568800.00   13757.336845   -7397.592975   21270.535817    -492.207177
  154  G16  2205  569700.00   15621.239072   -5827.036200   20507.822946    -492.210526
  155  G16  2205  570600.00   17474.705828   -4423.958625   19386.993146    -492.214009
  156  G16  2205  571500.00   19271.792794   -3202.831141   17929.222314    -492.217648
  157  G16  2205  572400.00   20966.305617   -2169.475402   16161.368039    -492.220850
  158  G16  2205  573300.00   22513.497601   -1321.102374   14115.387807    -492.224262
  159  G16  2205  574200.00   23871.695670    -646.689477   11827.687697    -492.227627
  160  G16  2205  575100.00   25003.794218    -127.671583    9338.419090    -492.231113
  161  G16  2205  576000.00   25878.564146     261.089742    6690.739946    -492.234738
  162  G16  2205  576900.00   26471.733509     550.103154    3930.055753    -492.238350
  163  G16  2205  577800.00   26766.806250     773.861477    1103.253497    -492.241467
  164  G16  2205  578700.00   26755.596004     969.327799   -1742.059860    -492.244869
  165  G16  2205  579600.00   26438.462504    1174.350990   -4558.304778    -492.248237
  166  G16  2205  580500.00   25824.248364    1426.068106   -7298.654557    -492.251654
  167  G16  2205  581400.00   24929.923721    1759.349649   -9917.732434    -492.255216
  168  G16  2205  582300.00   23779.955181    2205.340653  -12372.275308    -492.258686
  169  G16  2205  583200.00   22405.423629    2790.146308  -14621.759976    -492.261913
  170  G16  2205  584100.00   20842.922625    3533.705486  -16628.988387    -492.265319
  171  G16  2205  585000.00   19133.275258    4448.889307  -18360.628724    -492.268868
  172  G16  2205  585900.00   17320.112497    5540.854887  -19787.709122    -492.272371
  173  G16  2205  586800.00   15448.360111    6806.676744  -20886.060530    -492.275758
  174  G16  2205  587700.00   13562.684193    8235.270153  -21636.704774    -492.279470
  175  G16  2205  588600.00   11705.947119    9807.612103  -22026.183171    -492.283232
  176  G16  2205  589500.00    9917.726284   11497.256455  -22046.820373    -492.286691
  177  G16  2205  590400.00    8232.947193   13271.130655  -21696.917387    -492.290205
  178  G16  2205  591300.00    6680.680200   15090.591967  -20980.867097    -492.293447
  179  G16  2205  592200.00    5283.146450   16912.711892  -19909.185282    -492.296983
  180  G16  2205  593100.00    4054.973101   18691.748473  -18498.450043    -492.300616
  181  G16  2205  594000.00    3002.730808   20380.757883  -16771.143004    -492.303858
  182  G16  2205  594900.00    2124.777656   21933.289379  -14755.386579    -492.307257
  183  G16  2205  595800.00    1411.423275   23305.101896  -12484.573199    -492.310454
  184  G16  2205  596700.00     845.415144   24455.836602   -9996.884661    -492.314163
  185  G16  2205  597600.00     402.736203   25350.578199   -7334.702635    -492.317705
  186  G16  2205  598500.00      53.689501   25961.239002   -4543.914898    -492.320886
  187  G16  2205  599400.00    -235.767721   26267.704130   -1673.125807    -492.324542
  188  G16  2205  600300.00    -502.490735   26258.683744    1227.216280    -492.327689
  189  G16  2205  601200.00    -784.475975   25932.229034    4105.757730    -492.330810
  190  G16  2205  602100.00   -1119.121426   25295.882286    6911.223730    -492.334483
  191  G16  2205  603000.00   -1541.494001   24366.447365    9593.423716    -492.337685
  192  G16  2205  603900.00   -2082.680940   23169.384411   12104.251800    -492.341186

