#Epch  SVN  Week   Week-Sec          X[km]         Y[km]          Z[km]           T[Ms]
#====  ===  ====  =========  =============  =============  =============  =============
    1  R01  2205  432000.00  -11576.918589   12064.380026  -19262.434977       7.799402
    2  R01  2205  432900.00  -11157.542774    9625.788054  -20818.029738       7.799820
    3  R01  2205  433800.00  -10902.181298    6997.024618  -21969.198982       7.800138
    4  R01  2205  434700.00  -10835.531332    4241.078954  -22693.521930       7.800085
    5  R01  2205  435600.00  -10970.859822    1425.376458  -22976.865610       7.800663
    6  R01  2205  436500.00  -11309.386599   -1380.785082  -22813.663478       7.800940
    7  R01  2205  437400.00  -11840.192132   -4108.875278  -22207.028034       7.801060
    8  R01  2205  438300.00  -12540.654413   -6693.737871  -21168.694978       7.801198
    9  R01  2205  439200.00  -13377.397160   -9076.056590  -19718.799594       7.801616
   10  R01  2205  440100.00  -14307.709967  -11204.578040  -17885.489257       7.801371
   11  R01  2205  441000.00  -15281.381014  -13037.999547  -15704.379100       7.801518
   12  R01  2205  441900.00  -16242.865379  -14546.443727  -13217.860983       7.801835
   13  R01  2205  442800.00  -17133.697560  -15712.458787  -10474.278897       7.801988
   14  R01  2205  443700.00  -17895.046271  -16531.503398   -7526.986714       7.802291
   15  R01  2205  444600.00  -18470.303246  -17011.896670   -4433.306709       7.802124
   16  R01  2205  445500.00  -18807.596140  -17174.236350   -1253.409489       7.802775
   17  R01  2205  446400.00  -18862.118657  -17050.310880    1950.862329       7.803052
   18  R01  2205  447300.00  -18598.178688  -16681.552411    5117.203059       7.803012
   19  R01  2205  448200.00  -17990.877198  -16117.097346    8184.061197       7.803135
   20  R01  2205  449100.00  -17027.346305  -15411.537536   11091.840525       7.803154
   21  R01  2205  450000.00  -15707.493752  -14622.458239   13784.061079       7.803258
   22  R01  2205  450900.00  -14044.221928  -13807.867731   16208.456999       7.803362
   23  R01  2205  451800.00  -12063.111851  -13023.627746   18317.989805       7.803258
   24  R01  2205  452700.00   -9801.585036  -12320.993480   20071.757575       7.803692
   25  R01  2205  453600.00   -7307.578001  -11744.366889   21435.782862       7.803987
   26  R01  2205  454500.00   -4637.784428  -11329.357645   22383.664738       7.804405
   27  R01  2205  455400.00   -1855.537799  -11101.232857   22897.083152       7.804615
   28  R01  2205  456300.00     971.577987  -11073.820114   22966.146702       7.804684
   29  R01  2205  457200.00    3774.291479  -11248.909291   22589.577890       7.805207
   30  R01  2205  458100.00    6484.274558  -11616.177636   21774.732884       7.805302
   31  R01  2205  459000.00    9036.733273  -12153.640854   20537.455846       7.805770
   32  R01  2205  459900.00   11372.852306  -12828.610985   18901.770762       7.806277
   33  R01  2205  460800.00   13441.992883  -13599.120807   16899.416632       7.807234
   34  R01  2205  461700.00   15203.554054  -14415.755091   14569.234686       7.807302
   35  R01  2205  462600.00   16628.421151  -15223.811986   11956.418992       7.807076
   36  R01  2205  463500.00   17699.942215  -15965.703998    9111.644418       7.807041
   37  R01  2205  464400.00   18414.392640  -16583.497801    6090.088262       7.807185
   38  R01  2205  465300.00   18780.909513  -17021.486135    2950.364061       7.807162
   39  R01  2205  466200.00   18820.899133  -17228.683464    -246.612134       7.807357
   40  R01  2205  467100.00   18566.943195  -17161.139991   -3438.801213       7.807732
   41  R01  2205  468000.00   18061.250076  -16783.976064   -6564.243372       7.808114
   42  R01  2205  468900.00   17353.716778  -16073.050518   -9562.259994       7.807979
   43  R01  2205  469800.00   16499.683418  -15016.191756  -12374.631575       7.808127
   44  R01  2205  470700.00   15557.475085  -13613.938589  -14946.728661       7.808080
   45  R01  2205  471600.00   14585.834822  -11879.758403  -17228.573685       7.808695
   46  R01  2205  472500.00   13641.356014   -9839.732048  -19175.813007       7.809574
   47  R01  2205  473400.00   12776.022455   -7531.717193  -20750.580217       7.810043
   48  R01  2205  474300.00   12034.959757   -5004.023675  -21922.233986       7.810295
   49  R01  2205  475200.00   11454.492868   -2313.654744  -22667.956149       7.810615
   50  R01  2205  476100.00   11060.591528     475.813744  -22973.198433       7.811035
   51  R01  2205  477000.00   10867.769220    3296.629020  -22831.969106       7.811416
   52  R01  2205  477900.00   10878.482106    6079.433295  -22246.953827       7.811479
   53  R01  2205  478800.00   11083.053453    8755.905698  -21229.468080       7.812010
   54  R01  2205  479700.00   11460.126970   11261.365047  -19799.241730       7.812436
   55  R01  2205  480600.00   11977.630157   13537.225685  -17984.039427       7.812630
   56  R01  2205  481500.00   12594.207280   15533.204542  -15819.123751       7.812830
   57  R01  2205  482400.00   13261.061559   17209.187779  -13346.571091       7.813159
   58  R01  2205  483300.00   13924.128773   18536.679501  -10614.453244       7.813336
   59  R01  2205  484200.00   14526.490217   19499.772404   -7675.900529       7.813219
   60  R01  2205  485100.00   15010.922565   20095.600304   -4588.064745       7.813167
   61  R01  2205  486000.00   15322.476232   20334.254338   -1411.002479       7.813559
   62  R01  2205  486900.00   15410.972412   20238.167269    1793.498928       7.813763
   63  R01  2205  487800.00   15233.312336   19840.992901    4963.129208       7.813851
   64  R01  2205  488700.00   14755.500269   19186.029002    8036.272496       7.814107
   65  R01  2205  489600.00   13954.293918   18324.251402   10953.209716       7.814069
   66  R01  2205  490500.00   12818.411849   17312.043317   13657.282002       7.814431
   67  R01  2205  491400.00   11349.246345   16208.716636   16095.992128       7.814545
   68  R01  2205  492300.00    9561.051147   15073.930391   18222.022392       7.814507
   69  R01  2205  493200.00    7480.595673   13965.115591   19994.149352       7.814552
   70  R01  2205  494100.00    5146.299751   12935.014929   21378.038093       7.815075
   71  R01  2205  495000.00    2606.884546   12029.440581   22346.901297       7.815264
   72  R01  2205  495900.00     -80.404578   11285.343788   22882.011161       7.815552
   73  R01  2205  496800.00   -2851.929887   10729.276500   22973.055091       7.815698
   74  R01  2205  497700.00   -5640.059924   10376.308753   22618.329105       7.815769
   75  R01  2205  498600.00   -8375.736238   10229.446260   21824.765817       7.816246
   76  R01  2205  499500.00  -10991.102689   10279.571789   20607.796905       7.816545
   77  R01  2205  500400.00  -13422.089298   10505.912086   18991.052857       7.816950
   78  R01  2205  501300.00  -15610.844552   10877.010233   17005.905718       7.817309
   79  R01  2205  502200.00  -17507.916246   11352.162311   14690.863363       7.817658
   80  R01  2205  503100.00  -19074.091265   11883.257885   12090.826529       7.817853
   81  R01  2205  504000.00  -20281.818684   12416.946901    9256.222446       7.817993
   82  R01  2205  504900.00  -21116.157697   12897.041883    6242.031271       7.818157
   83  R01  2205  505800.00  -21575.211529   13267.054258    3106.723722       7.818720
   84  R01  2205  506700.00  -21670.029764   13472.757857     -88.869864       7.818612
   85  R01  2205  507600.00  -21423.983686   13464.671257   -3282.737311       7.818790
   86  R01  2205  508500.00  -20871.641229   13200.353836   -6412.886447       7.818834
   87  R01  2205  509400.00  -20057.189079   12646.418045   -9418.547599       7.819430
   88  R01  2205  510300.00  -19032.468517   11780.172164  -12241.353273       7.819648
   89  R01  2205  511200.00  -17854.707749   10590.823234  -14826.471934       7.819723
   90  R01  2205  512100.00  -16584.046255    9080.188241  -17123.673743       7.819546
   91  R01  2205  513000.00  -15280.955323    7262.882201  -19088.307440       7.819697
   92  R01  2205  513900.00  -14003.663265    5165.973706  -20682.169391       7.819796
   93  R01  2205  514800.00  -12805.693517    2828.120747  -21874.247939       7.820154
   94  R01  2205  515700.00  -11733.618986     298.221373  -22641.328636       7.820489
   95  R01  2205  516600.00  -10825.126914   -2366.365990  -22968.448629       7.820856
   96  R01  2205  517500.00  -10107.475402   -5101.959731  -22849.191331       7.821169
   97  R01  2205  518400.00   -9596.406223   -7840.962216  -22285.815446       7.810684
   98  R01  2205  519300.00   -9295.560145  -10514.435995  -21289.215864       7.810872
   99  R01  2205  520200.00   -9196.417603  -13054.746918  -19878.716177       7.811093
  100  R01  2205  521100.00   -9278.769247  -15398.158975  -18081.697134       7.811824
  101  R01  2205  522000.00   -9511.694809  -17487.277497  -15933.067270       7.811868
  102  R01  2205  522900.00   -9855.009427  -19273.237390  -13474.585755       7.811939
  103  R01  2205  523800.00  -10261.116004  -20717.545574  -10754.050246       7.812166
  104  R01  2205  524700.00  -10677.184907  -21793.500829   -7824.365429       7.812718
  105  R01  2205  525600.00  -11047.568300  -22487.131912   -4742.510444       7.812805
  106  R01  2205  526500.00  -11316.346232  -22797.615065   -1568.425616       7.813115
  107  R01  2205  527400.00  -11429.895925  -22737.154013    1636.159293       7.813515
  108  R01  2205  528300.00  -11339.374558  -22330.328302    4808.931797       7.813992
  109  R01  2205  529200.00  -11003.009569  -21612.938368    7888.214095       7.814714
  110  R01  2205  530100.00  -10388.098675  -20630.397018   10814.166732       7.814696
  111  R01  2205  531000.00   -9472.634254  -19435.736130   13529.954440       7.815073
  112  R01  2205  531900.00   -8246.482767  -18087.313481   15982.851095       7.815271
  113  R01  2205  532800.00   -6712.068868  -16646.317024   18125.262149       7.815352
  114  R01  2205  533700.00   -4884.534816  -15174.172085   19915.644836       7.815853
  115  R01  2205  534600.00   -2791.367934  -13729.960663   21319.308732       7.816004
  116  R01  2205  535500.00    -471.511149  -12367.960993   22309.081795       7.816444
  117  R01  2205  536400.00    2026.006849  -11135.410086   22865.829798       7.816677
  118  R01  2205  537300.00    4643.865380  -10070.582226   22978.819936       7.816668
  119  R01  2205  538200.00    7318.595600   -9201.262899   22645.922376       7.817084
  120  R01  2205  539100.00    9982.986119   -8543.680903   21873.646475       7.817414
  121  R01  2205  540000.00   12568.651443   -8101.942223   20677.011401       7.817274
  122  R01  2205  540900.00   15008.657611   -7867.988289   19079.253811       7.817627
  123  R01  2205  541800.00   17240.097027   -7822.079434   17111.378160       7.817808
  124  R01  2205  542700.00   19206.506498   -7933.782552   14811.558013       7.817940
  125  R01  2205  543600.00   20860.028861   -8163.420934   12224.399493       7.817902
  126  R01  2205  544500.00   22163.229020   -8463.925003    9400.080557       7.818162
  127  R01  2205  545400.00   23090.489387   -8783.005848    6393.382227       7.818248
  128  R01  2205  546300.00   23628.927004   -9065.559833    3262.630067       7.818461
  129  R01  2205  547200.00   23778.794452   -9256.202745      68.566065       7.818857
  130  R01  2205  548100.00   23553.348062   -9301.826308   -3126.827403       7.819188
  131  R01  2205  549000.00   22978.189178   -9154.068782   -6261.528791       7.819338
  132  R01  2205  549900.00   22090.106249   -8771.594785   -9274.680403       7.818964
  133  R01  2205  550800.00   20935.466460   -8122.087352  -12107.769728       7.819393
  134  R01  2205  551700.00   19568.224467   -7183.867226  -14705.766010       7.819842
  135  R01  2205  552600.00   18047.631883   -5947.069945  -17018.189818       7.820277
  136  R01  2205  553500.00   16435.743650   -4414.329791  -19000.094762       7.820126
  137  R01  2205  554400.00   14794.825882   -2600.940349  -20612.942252       7.820325
  138  R01  2205  555300.00   13184.773820    -534.483285  -21825.352326       7.820278
  139  R01  2205  556200.00   11660.648014    1746.060757  -22613.716004       7.820315
  140  R01  2205  557100.00   10270.431799    4191.683593  -22962.657303       7.820623
  141  R01  2205  558000.00    9053.103803    6745.147534  -22865.335891       7.820637
  142  R01  2205  558900.00    8037.105981    9343.136386  -22323.584371       7.821223
  143  R01  2205  559800.00    7239.271074   11918.670921  -21347.877252       7.821068
  144  R01  2205  560700.00    6664.254134   14403.689101  -19957.131864       7.821620
  145  R01  2205  561600.00    6304.491584   16731.684198  -18178.344602       7.821801
  146  R01  2205  562500.00    6140.689095   18840.291281  -16046.069094       7.822614
  147  R01  2205  563400.00    6142.817250   20673.714384  -13601.745994       7.823036
  148  R01  2205  564300.00    6271.572456   22184.893078  -10892.897103       7.823257
  149  R01  2205  565200.00    6480.240791   23337.317881   -7972.199345       7.822802
  150  R01  2205  566100.00    6716.885256   24106.418547   -4896.456686       7.823357
  151  R01  2205  567000.00    6926.763073   24480.467157   -1725.490341       7.824227
  152  R01  2205  567900.00    7054.869757   24460.958410    1479.030609       7.824588
  153  R01  2205  568800.00    7048.501244   24062.451617    4654.794733       7.825021
  154  R01  2205  569700.00    6859.724589   23311.881711    7740.065641       7.824859
  155  R01  2205  570600.00    6447.651667   22247.369061   10674.886819       7.825629
  156  R01  2205  571500.00    5780.418818   20916.579060   13402.249821       7.826116
  157  R01  2205  572400.00    4836.787979   19374.701340   15869.202687       7.826635
  158  R01  2205  573300.00    3607.301049   17682.134339   18027.876870       7.826856
  159  R01  2205  574200.00    2094.938235   15901.972998   19836.412878       7.827444
  160  R01  2205  575100.00     315.252123   14097.405291   21259.767076       7.827804
  161  R01  2205  576000.00   -1704.028736   12329.126629   22270.384657       7.828372
  162  R01  2205  576900.00   -3923.910736   10652.879985   22848.726538       7.828835
  163  R01  2205  577800.00   -6295.523272    9117.223888   22983.640820       7.829503
  164  R01  2205  578700.00   -8761.926796    7761.620586   22672.572433       7.829915
  165  R01  2205  579600.00  -11260.266460    6614.923023   21921.607533       7.830192
  166  R01  2205  580500.00  -13724.182662    5694.322550   20745.352255       7.830803
  167  R01  2205  581400.00  -16086.379239    5004.800010   19166.648312       7.831018
  168  R01  2205  582300.00  -18281.243510    4539.101915   17216.130884       7.831066
  169  R01  2205  583200.00  -20247.410128    4278.241608   14931.637039       7.831728
  170  R01  2205  584100.00  -21930.162870    4192.503471   12357.475669       7.831789
  171  R01  2205  585000.00  -23283.575036    4242.907340    9543.572527       7.831816
  172  R01  2205  585900.00  -24272.299717    4383.070986    6544.506365       7.831927
  173  R01  2205  586800.00  -24872.935604    4561.391890    3418.454361       7.832122
  174  R01  2205  587700.00  -25074.911438    4723.456002     226.066921       7.832648
  175  R01  2205  588600.00  -24880.852212    4814.571555   -2970.706559       7.832479
  176  R01  2205  589500.00  -24306.411783    4782.320564   -6109.818240       7.832760
  177  R01  2205  590400.00  -23379.578821    4579.019770   -9130.325351       7.832815
  178  R01  2205  591300.00  -22139.485111    4163.986440  -11973.573160       7.833188
  179  R01  2205  592200.00  -20634.766039    3505.512535  -14584.334283       7.833109
  180  R01  2205  593100.00  -18921.541864    2582.462938  -16911.882040       7.832825
  181  R01  2205  594000.00  -17061.104260    1385.429174  -18910.976930       7.833251
  182  R01  2205  594900.00  -15117.404848     -82.611337  -20542.747042       7.833518
  183  R01  2205  595800.00  -13154.450712   -1806.159707  -21775.445305       7.833771
  184  R01  2205  596700.00  -11233.715617   -3757.591013  -22585.068932       7.833788
  185  R01  2205  597600.00   -9411.674949   -5898.065804  -22955.829053       7.834464
  186  R01  2205  598500.00   -7737.567099   -8178.921139  -22880.461371       7.834473
  187  R01  2205  599400.00   -6251.474539  -10543.484524  -22360.371674       7.834236
  188  R01  2205  600300.00   -4982.804379  -12929.236276  -21405.613122       7.834448
  189  R01  2205  601200.00   -3949.231518  -15270.231148  -20034.695370       7.834567
  190  R01  2205  602100.00   -3156.148100  -17499.678931  -18274.228786       7.834639
  191  R01  2205  603000.00   -2596.641727  -19552.576817  -16158.410191       7.834735
  192  R01  2205  603900.00   -2252.002659  -21368.283815  -13728.359669       7.834937

